"Cell","Patient","split","Stage","Stage_broad","Stage_group","z_obs","Stage_cat","y_cat","Cell_type","Cell_type.refined","Cell_subtype","Tissue","Sample","Sample_Origin","naive_prob_I","naive_prob_II_III","naive_prob_IV","cat_em_prob_I","cat_em_prob_II_III","cat_em_prob_IV","cat_mcem_prob_I","cat_mcem_prob_II_III","cat_mcem_prob_IV","cat_em_soft_label_I","cat_em_soft_label_II_III","cat_em_soft_label_IV","cat_mcem_soft_label_I","cat_mcem_soft_label_II_III","cat_mcem_soft_label_IV"
"CTAATGGGTGAAATCA_NS_03","P3003","train","IV","IV","Advanced",1,"IV",2,"Epithelial cells","Epithelial cells","Malignant cells","mBrain","NS_03","mBrain",0.0148949936937218,0.00267428004744722,0.982430726258831,3.47968832293695e-05,1.87116476540967e-05,0.999946491469117,3.95937507656435e-05,1.59804984918646e-05,0.999944425750742,7.47299006747165e-06,3.97600107252291e-06,0.99998855100886,7.90662112651153e-06,3.87630526729763e-06,0.999988217073606
"CTAATGGGTATAAACG_NS_13","P3013","train","IV","IV","Advanced",1,"IV",2,"MAST cells","MAST cells","MAST","mBrain","NS_13","mBrain",0.725613709404854,0.176100959016749,0.0982853315783971,0.875375957466703,0.107957683694543,0.0166663588387544,0.906149967714252,0.0796890636329802,0.0141609686527674,0.824937830126326,0.101650815083763,0.0734113547899114,0.845096647343006,0.0829093337664727,0.0719940188905214
"CGTCACTGTCTTGTCC_NS_03","P3003","train","IV","IV","Advanced",1,"IV",2,"Epithelial cells","Epithelial cells","Malignant cells","mBrain","NS_03","mBrain",0.0640806471387994,0.00444875365762573,0.931470599203575,0.000654896928113792,0.000102912695498893,0.999242190376387,0.000775138937530843,9.43217667570481e-05,0.999130539295712,0.000140563997381572,2.19415436250687e-05,0.999837494458993,0.000153150188478831,2.30622230347577e-05,0.999823787588486
"CAGTCCTCATCATCCC_NS_02","P3002","train","IV","IV","Advanced",1,"IV",2,"Epithelial cells","Epithelial cells","Malignant cells","mBrain","NS_02","mBrain",0.211086195655526,0.0401267056123214,0.748787098732153,0.074424226311856,0.00588802749864587,0.919687746189498,0.0722655043590761,0.00583000823259221,0.921904487408332,0.0170441793807341,0.00134952496272522,0.981606295656541,0.0164758233097845,0.00138139336821865,0.982142783321997
"CTCGAGGAGCCACGCT_NS_17","P3017","train","IV","IV","Advanced",1,"IV",2,"Myeloid cells","Myeloid cells","Microglia/Mac","mBrain","NS_17","mBrain",0.0947971777390748,0.00337135628523081,0.901831465975694,0.00274161853545664,0.000131627347374506,0.997126754117169,0.00243521580186601,0.000141234293000959,0.997423549905133,0.000588586572736988,2.84183379515843e-05,0.999382995089311,0.00056674629619786,3.04774434510409e-05,0.999402776260351
"TGACAACGTTCACCTC_NS_03","P3003","train","IV","IV","Advanced",1,"IV",2,"Epithelial cells","Epithelial cells",NA,"mBrain","NS_03","mBrain",0.1149711927562,0.00596312178384009,0.87906568545996,0.00230810163376778,0.000172822812321151,0.997519075553911,0.00275698721871886,0.000159181740028,0.997083831041253,0.000496991626271211,3.67729466221803e-05,0.999466235427107,0.000550433272570518,4.05529049376875e-05,0.999409013822492
"GCGACCAAGAGCTGCA_NS_02","P3002","train","IV","IV","Advanced",1,"IV",2,"Myeloid cells","Myeloid cells","mo-Mac","mBrain","NS_02","mBrain",0.153765782192893,0.08946656394336,0.756767653863747,0.00517902118828165,0.0011718466629485,0.99364913214877,0.00470112274912538,0.00100536086993724,0.994293516380937,0.00111627941873156,0.000255778485673171,0.998627942095595,0.00105265072571974,0.000242742533068318,0.998704606741212
"AGGCCGTGTTGGTTTG_NS_16","P3016","train","IIIA","III","Advanced",1,"II_III",1,"Oligodendrocytes",NA,NA,"mBrain","NS_16","mBrain",0.0273807690454751,0.560794214817774,0.411825016136751,0.0104669839932063,0.297884836265231,0.691648179741563,0.00860789392084429,0.267839492083033,0.723552613996123,0.00498975389492725,0.66526014943502,0.329750096670053,0.0030617425646223,0.630157334386948,0.36678092304843
"AAAGTAGAGAATTCCC_NS_17","P3017","train","IV","IV","Advanced",1,"IV",2,"Myeloid cells","Myeloid cells","Microglia/Mac","mBrain","NS_17","mBrain",0.156244483304971,0.00502375102169745,0.838731765673332,0.0146685458030422,0.000348871762736928,0.984982582434221,0.0127150128558951,0.000362807161854904,0.98692217998225,0.00318834284131726,7.60288187635088e-05,0.996735628339919,0.00306712873725077,8.22318457526296e-05,0.996850639416997
"ATCATGGGTTGTGGAG_NS_03","P3003","train","IV","IV","Advanced",1,"IV",2,"Epithelial cells","Epithelial cells","Malignant cells","mBrain","NS_03","mBrain",0.15850705470799,0.0195579191559803,0.82193502613603,0.0122967624699993,0.00145070366159013,0.98625253386841,0.0140390685866426,0.00134167189650726,0.98461925951685,0.0026637995087466,0.000313865120138681,0.997022335371115,0.00288949336477031,0.000317498743732876,0.996793007891497
"AGAGCGAAGGTGTGGT_NS_02","P3002","train","IV","IV","Advanced",1,"IV",2,"Myeloid cells","Myeloid cells","mo-Mac","mBrain","NS_02","mBrain",0.05522217877357,0.0452799101544389,0.899497911071991,0.000323372008946713,0.000179033858361258,0.999497594132692,0.000290048102019193,0.00015317941640755,0.999556772481573,6.92605892292068e-05,3.88982416611703e-05,0.99989184116911,6.23225976026834e-05,3.52874377897323e-05,0.999902389964608
"GCATGATGTGAGGGTT_NS_13","P3013","train","IV","IV","Advanced",1,"IV",2,"T lymphocytes","T/NK cells","Undetermined","mBrain","NS_13","mBrain",0.32648767599091,0.272095966570276,0.401416357438814,0.258103250611328,0.145298183781154,0.596598565607518,0.254074384913137,0.14716873521739,0.598756879869473,0.0809739546318293,0.0456420612568327,0.873383984111338,0.0791867223623035,0.0505715529037341,0.870241724733962
"GACTAACGTTTGGGCC_NS_02","P3002","train","IV","IV","Advanced",1,"IV",2,"T lymphocytes","T/NK cells","CD4+ Th","mBrain","NS_02","mBrain",0.303023272254513,0.146193455353808,0.550783272391679,0.111909816900581,0.0117030996686169,0.876387083430802,0.112098836275989,0.010028922818878,0.877872240905133,0.0264990822610779,0.00280026639729322,0.970700651341629,0.026105123976144,0.00248820542079148,0.971406670603065
"CGTTAGATCGCCATAA_NS_16","P3016","train","IIIA","III","Advanced",1,"II_III",1,"NK cells","T/NK cells","NK","mBrain","NS_16","mBrain",0.431094782913247,0.217048121782127,0.351857095304626,0.540687106188863,0.167823427297662,0.291489466513475,0.537687689899754,0.173991429339845,0.288320880760401,0.334993161328874,0.484300058327763,0.180706780343363,0.320128334073811,0.502443216331158,0.177428449595031
"GTAACTGGTTCTCATT_NS_16","P3016","train","IIIA","III","Advanced",1,"II_III",1,"B lymphocytes","B lymphocytes","MALT B cells","mBrain","NS_16","mBrain",0.312112375519466,0.44236482643797,0.245522798042564,0.268694346210608,0.537922518915793,0.193383134873599,0.267632577884803,0.540738888991638,0.191628533123559,0.0904856043596981,0.844287091265221,0.0652273043750814,0.0884661331703531,0.846118874980411,0.0654149918492361
"GACTACACACCGCTAG_NS_03","P3003","train","IV","IV","Advanced",1,"IV",2,"Epithelial cells","Epithelial cells","Malignant cells","mBrain","NS_03","mBrain",0.038483149291101,0.00430969086604757,0.957207159842851,7.13737329968186e-05,4.80577816234242e-05,0.99988056848538,8.42810724284546e-05,3.48687927892125e-05,0.999880850134782,1.52562701488047e-05,1.03438433817276e-05,0.99997439988647,1.62191016424068e-05,9.38975808666692e-06,0.999974391140271
"GTCGGGTCAAAGGAAG_NS_19","P3019","train","IV","IV","Advanced",1,"IV",2,"Myeloid cells","Myeloid cells","mo-Mac","mBrain","NS_19","mBrain",0.0252258745129071,0.016831455152769,0.957942670334324,9.06957427550799e-05,2.94050692980428e-05,0.999879899187947,7.62648263933206e-05,2.45329185803121e-05,0.999899202255026,1.94814704736532e-05,6.37792579341596e-06,0.999974140603733,1.74169191357044e-05,6.08194724704067e-06,0.999976501133617
"GGCCGATTCACGATGT_NS_19","P3019","train","IV","IV","Advanced",1,"IV",2,"Myeloid cells","Myeloid cells","mo-Mac","mBrain","NS_19","mBrain",0.0462519540258052,0.0346742751725786,0.919073770801616,0.000207378901560277,0.000150085344220273,0.999642535754219,0.000181604042176179,0.00010498439862178,0.999713411559202,4.43537908059058e-05,3.28483166589324e-05,0.999922797892535,4.00783664551728e-05,2.79400791735351e-05,0.999931981554371
"GATCAGTAGCATCATC_NS_02","P3002","train","IV","IV","Advanced",1,"IV",2,"Myeloid cells","Myeloid cells","mo-Mac","mBrain","NS_02","mBrain",0.0592275135611505,0.0604123895333073,0.880360096905542,0.000614350468171364,0.000277013434647426,0.999108636097181,0.000537439795010871,0.000229389192742209,0.999233171012247,0.000131844557311571,6.01118186089102e-05,0.999808043624079,0.000117803299501294,5.48123738996445e-05,0.999827384326599
"GCGCGATTCTAACTTC_NS_04","P3004","train","IV","IV","Advanced",1,"IV",2,"Epithelial cells","Epithelial cells","Malignant cells","mBrain","NS_04","mBrain",0.0492032335319225,0.00533965794989934,0.945457108518178,0.00180659046445376,0.0005647223054213,0.997628687230125,0.00175503654888562,0.000600696018067864,0.997644267433047,0.000387895769769434,0.000121452102895084,0.999490652127335,0.000369885252241935,0.000125652936402874,0.999504461811355
"GGGAGATTCTTCGGTC_NS_19","P3019","train","IV","IV","Advanced",1,"IV",2,"Myeloid cells","Myeloid cells","mo-Mac","mBrain","NS_19","mBrain",0.333945773423011,0.276510567816574,0.389543658760414,0.223968628296599,0.0819362885883094,0.694095083115091,0.208121326891531,0.0818140231780033,0.710064649930465,0.0633614245347981,0.0232463565130216,0.91339221895218,0.057304998427515,0.0225876856673533,0.920107315905132
"TTCTTAGTCAGCCTAA_NS_02","P3002","train","IV","IV","Advanced",1,"IV",2,"T lymphocytes","T/NK cells","Treg","mBrain","NS_02","mBrain",0.225295473529522,0.220044500258322,0.554660026212155,0.051778206386284,0.107889816656919,0.840331976956797,0.0512612254180834,0.0991462000139946,0.849592574567922,0.012705077018844,0.0265287202741071,0.960766202707049,0.0122789853937358,0.0236966307909063,0.964024383815358
"AGTCTTTGTGAAAGAG_NS_04","P3004","train","IV","IV","Advanced",1,"IV",2,"T lymphocytes","T/NK cells","Exhausted CD8+ T","mBrain","NS_04","mBrain",0.369639809150054,0.333536976353102,0.296823214496844,0.343399547964842,0.387667280142311,0.268933171892847,0.340336053339308,0.3984016648993,0.261262281761392,0.172780327430902,0.195244682731503,0.631974989837596,0.171777310479695,0.192129316158932,0.636093373361373
"CTACATTCACTTGGAT_NS_19","P3019","train","IV","IV","Advanced",1,"IV",2,"B lymphocytes","B lymphocytes","Plasma cells","mBrain","NS_19","mBrain",0.266424275818151,0.127036380039077,0.606539344142772,0.129969503745356,0.050648511669991,0.819381984584653,0.126907530286201,0.0507424133498797,0.822350056363919,0.032434069298491,0.0126217264041812,0.954944204297328,0.0316195965649128,0.0129165606680964,0.955463842766991
"GGATTACTCGCCCTTA_NS_17","P3017","train","IV","IV","Advanced",1,"IV",2,"Fibroblasts","Fibroblasts","Pericytes","mBrain","NS_17","mBrain",0.145498095994118,0.098914188901972,0.75558771510391,0.00259125704285763,0.0015122095976775,0.995896533359465,0.00189541073622398,0.000702421782402157,0.997402167481374,0.000544399695084732,0.000336016760590235,0.999119583544325,0.000394956662131858,0.000183280810814606,0.999421762527054
"ATCATCTAGGGATCTG_NS_17","P3017","train","IV","IV","Advanced",1,"IV",2,"Epithelial cells","Epithelial cells","Malignant cells","mBrain","NS_17","mBrain",0.0343293830738996,1.49708374551224e-05,0.965655646088645,0.00051581636668626,9.79217705769534e-06,0.999474391456256,0.000458670736259797,1.64733407474496e-05,0.999524855922993,0.000110849470406913,2.08086735326485e-06,0.99988706966224,0.000106086185269439,2.73676501818592e-06,0.999891177049712
"CTGCCTACACGGTAAG_NS_19","P3019","train","IV","IV","Advanced",1,"IV",2,"Epithelial cells","Epithelial cells","Malignant cells","mBrain","NS_19","mBrain",0.00702937451151215,0.0015227540695425,0.991447871418945,6.25692081516971e-06,1.47634451137394e-05,0.999978979634071,5.376737620573e-06,1.28087688670983e-05,0.999981814493512,1.33539959678713e-06,3.19849018939683e-06,0.999995466110214,1.14110231858659e-06,2.8543622840422e-06,0.999996004535397
"TTGGCAATCGAATGCT_NS_19","P3019","train","IV","IV","Advanced",1,"IV",2,"Epithelial cells","Epithelial cells","Malignant cells","mBrain","NS_19","mBrain",0.020464687891246,0.0028230451668982,0.976712266941856,5.31712080649557e-05,7.71797931653791e-05,0.99986964899877,4.98492084859945e-05,6.81817302122174e-05,0.999881969061302,1.13534064931247e-05,1.67398096674343e-05,0.999971906783839,1.04118648885043e-05,1.58005370066971e-05,0.999973787598105
"CAGAATCCACATGACT_NS_04","P3004","train","IV","IV","Advanced",1,"IV",2,"Myeloid cells","Myeloid cells","mo-Mac","mBrain","NS_04","mBrain",0.206421832002021,0.0999693944768282,0.693608773521151,0.0156096937490754,0.00148018959817488,0.98291011665275,0.0146931375775957,0.0013372394534014,0.983969622969003,0.00338729529402026,0.000325711563211265,0.996286993142768,0.00326879233098299,0.000308540565193018,0.996422667103824
"TGAGGGATCAGCACAT_NS_02","P3002","train","IV","IV","Advanced",1,"IV",2,"Oligodendrocytes",NA,NA,"mBrain","NS_02","mBrain",0.017626485100444,0.501703622040978,0.480669892858578,0.00205461493898196,0.278639149514041,0.719306235546978,0.00169874932648519,0.235160108634862,0.763141142038653,0.000564601424162715,0.0767572741782243,0.922678124397613,0.000297255273611936,0.0618582225881827,0.937844522138205
"TCCACACTCAGCCTAA_NS_19","P3019","train","IV","IV","Advanced",1,"IV",2,"Fibroblasts","Endothelial cells","Tumor ECs","mBrain","NS_19","mBrain",0.332601250675293,0.0382719430989368,0.62912680622577,0.158764458462609,0.00176186539727535,0.839473676140115,0.140919249771073,0.00174990012550361,0.857330850103424,0.0386520967378708,0.000433100780501038,0.960914802481628,0.0338061586505221,0.00032252810069971,0.965871313248778
"CACATTTTCGGCGGTT_NS_13","P3013","train","IV","IV","Advanced",1,"IV",2,"Epithelial cells","Epithelial cells","Malignant cells","mBrain","NS_13","mBrain",0.174164891799553,0.0186237447576489,0.807211363442798,0.0280109755404964,0.000259329212676331,0.971729695246827,0.0268041600786115,0.000285783275078925,0.97291005664631,0.0061301143843284,5.68698457118548e-05,0.99381301576996,0.00595967596052893,8.87102450946968e-05,0.993951613794376
"CACCTTGAGCTAACAA_NS_02","P3002","train","IV","IV","Advanced",1,"IV",2,"NK cells","T/NK cells","NK","mBrain","NS_02","mBrain",0.39013614786275,0.123424355652844,0.486439496484406,0.402101509314739,0.0178631890393393,0.580035301645922,0.404183898667298,0.0185735943098822,0.577242507022819,0.128413341315159,0.00570339773105087,0.86588326095379,0.129090630400922,0.00608989032259063,0.864819479276487
"TCCCGATCAGTTAACC_NS_17","P3017","train","IV","IV","Advanced",1,"IV",2,"Epithelial cells","Epithelial cells","Malignant cells","mBrain","NS_17","mBrain",0.029207334799789,4.44944345971368e-05,0.970748170765614,0.000386654089131232,7.72025447606224e-06,0.999605625656393,0.000344332176619652,1.0650614577278e-05,0.999645017208803,8.29113581567042e-05,1.64736678605156e-06,0.999915441275057,7.92811025857384e-05,2.03136644048757e-06,0.999918687530974
"TGTTCCGCAGCGTAAG_NS_02","P3002","train","IV","IV","Advanced",1,"IV",2,"B lymphocytes","B lymphocytes","Follicular B cells","mBrain","NS_02","mBrain",0.652703752321158,0.086501485812708,0.260794761866134,0.86846972583996,0.0125637921726714,0.118966481987369,0.872847918388069,0.0121329656643773,0.115019115947554,0.60446138322921,0.00877585672650473,0.386762760044285,0.610425217910019,0.00869006502971906,0.380884717060262
"ATGCGATAGTAGCGGT_NS_03","P3003","train","IV","IV","Advanced",1,"IV",2,"Epithelial cells","Epithelial cells","Malignant cells","mBrain","NS_03","mBrain",0.108773000392859,0.00723924478413803,0.883987754823003,0.00225391453477396,0.000173635709746044,0.99757244975548,0.00282321899629129,0.000148024255471507,0.997028756748237,0.000484614098469917,3.6898691660791e-05,0.999478487209869,0.000558755011465937,3.72288140830372e-05,0.999404016174451
"CGTGAGCGTTGTACAC_NS_13","P3013","train","IV","IV","Advanced",1,"IV",2,"Epithelial cells","Epithelial cells","Malignant cells","mBrain","NS_13","mBrain",0.647102122187626,0.2012796084297,0.151618269382675,0.97047630411592,0.000768706478187016,0.0287549894058929,0.969559417603825,0.000732844386718783,0.0297077380094567,0.877428093178927,0.000702567428481733,0.121869339392591,0.878083040096197,0.000941073017792074,0.120975886886011
"ACTGAACAGGGTGTTG_NS_19","P3019","train","IV","IV","Advanced",1,"IV",2,"Myeloid cells","Myeloid cells","mo-Mac","mBrain","NS_19","mBrain",0.165292894129893,0.0741953299843604,0.760511775885747,0.013583211423715,0.001838829171088,0.984577959405197,0.0124142835508867,0.00168753468459596,0.985898181764517,0.00295076241460435,0.000402675462443244,0.996646562122952,0.00281743827711487,0.000396413663766698,0.996786148059118
"GGCTCGACATGTAGTC_NS_03","P3003","train","IV","IV","Advanced",1,"IV",2,"Epithelial cells","Epithelial cells","Malignant cells","mBrain","NS_03","mBrain",0.120886871657065,0.0128556370803356,0.866257491262599,0.00611890493307237,0.000610639300465144,0.993270455766463,0.00709734701488323,0.000548880952458012,0.992353772032659,0.00131967825803762,0.000130849949803983,0.998549471792158,0.00142944905441083,0.000130605622461752,0.998439945323128
"CACATTTTCCTAGTGA_NS_19","P3019","train","IV","IV","Advanced",1,"IV",2,"Myeloid cells","Myeloid cells","mo-Mac","mBrain","NS_19","mBrain",0.389358830242134,0.285214212252003,0.325426957505863,0.348691887011949,0.104930981604309,0.546377131383742,0.334324154592363,0.102097238091434,0.563578607316203,0.116455170486875,0.0351779866796973,0.848366842833428,0.108664226520734,0.0340562145693765,0.857279558909889
"GAACCTATCCTTCAAT_NS_04","P3004","train","IV","IV","Advanced",1,"IV",2,"Myeloid cells","Myeloid cells","mo-Mac","mBrain","NS_04","mBrain",0.157190204233747,0.0811503700919494,0.761659425674304,0.00579981523730046,0.000565545819558923,0.993634638943141,0.00550027720286001,0.000479775476273881,0.994019947320866,0.00124955811058563,0.000123345946289459,0.998627095943125,0.00122092507354428,0.000118583355106168,0.99866049157135
"TCACAAGTCTTCGAGA_NS_03","P3003","train","IV","IV","Advanced",1,"IV",2,"Epithelial cells","Epithelial cells","Malignant cells","mBrain","NS_03","mBrain",0.0308151532454448,0.004616702050697,0.964568144703858,7.22657295650293e-05,9.19249814791943e-05,0.999835809288956,8.44958896044831e-05,7.29568963942847e-05,0.999842547214001,1.54796966465245e-05,1.96916892092082e-05,0.999964828614144,1.62311031911909e-05,1.83737951177799e-05,0.999965395101691
"CCTAGCTTCCTCCTAG_NS_17","P3017","train","IV","IV","Advanced",1,"IV",2,"Epithelial cells","Epithelial cells","Malignant cells","mBrain","NS_17","mBrain",0.00688581021380032,6.55883146861372e-07,0.993113533903053,1.00654388690352e-05,4.24602893942605e-08,0.999989892100842,8.58187891251728e-06,7.61198332658527e-08,0.999991342001254,2.15914061550035e-06,8.99987479284553e-09,0.99999783185951,2.04813280156982e-06,1.3377345429196e-08,0.999997938489853
"CGGAGTCGTAGGGACT_NS_17","P3017","train","IV","IV","Advanced",1,"IV",2,"Epithelial cells","Epithelial cells","Malignant cells","mBrain","NS_17","mBrain",0.0192460433573615,8.82668399424759e-06,0.980745129958644,0.000136081279581936,9.12340521184772e-07,0.999863006379897,0.000120072373578982,1.4732327827667e-06,0.999878454393638,2.9205856495507e-05,1.93971603664815e-07,0.999970600171901,2.78901176557128e-05,2.6746882517163e-07,0.999971842413519
"AGAATAGCAATCGAAA_NS_17","P3017","train","IV","IV","Advanced",1,"IV",2,"Myeloid cells","Myeloid cells","Microglia/Mac","mBrain","NS_17","mBrain",0.288565492785307,0.0065347078339055,0.704899799380788,0.0622980501307403,0.00165790310168278,0.936044046767577,0.055718968975878,0.00179226907366338,0.942488761950459,0.0140861329498929,0.000376208044743242,0.985537659005364,0.0138005655320319,0.000425653581646257,0.985773780886322
"ACGTCAAGTTCCATGA_NS_03","P3003","train","IV","IV","Advanced",1,"IV",2,"Epithelial cells","Epithelial cells","Malignant cells","mBrain","NS_03","mBrain",0.0239321311319082,0.0029357131893714,0.97313215567872,7.52289846639689e-05,3.77676720771808e-05,0.999887003343259,8.76932506452778e-05,3.22508071411602e-05,0.999880055942214,1.61330816140837e-05,8.05035479455547e-06,0.999975816563591,1.72272490101194e-05,7.82974189544152e-06,0.999974943009094
"CAGATCAGTAATCACC_NS_19","P3019","train","IV","IV","Advanced",1,"IV",2,"Myeloid cells","Myeloid cells","mo-Mac","mBrain","NS_19","mBrain",0.39730174464705,0.121800122287058,0.480898133065892,0.174863891134766,0.0179574717390217,0.807178637126213,0.164579966510605,0.017266435881768,0.818153597607627,0.0442999202096238,0.00458214134684777,0.951117938443528,0.0424340234136019,0.00457567235529242,0.952990304231106
"CAGCAGCTCTCTAGGA_NS_06","P3006","train","IV","IV","Advanced",1,"IV",2,"Oligodendrocytes",NA,NA,"mBrain","NS_06","mBrain",0.0234926736999838,0.20646420555459,0.770043120745426,0.00157602776471668,0.120629746010901,0.877794226224383,0.0012530246479051,0.111265553816588,0.887481421535507,0.000374302105545207,0.0285928317014154,0.971032866193039,0.000219852423842325,0.0254104179085602,0.974369729667597
"TCGAGGCAGTGCTGCC_NS_13","P3013","train","IV","IV","Advanced",1,"IV",2,"B lymphocytes","B lymphocytes","Follicular B cells","mBrain","NS_13","mBrain",0.565428025467482,0.136772131692607,0.29779984283991,0.773777356802021,0.0168116173937514,0.209411025804228,0.779099948897263,0.0164692031107207,0.204430847992016,0.437701933188191,0.00951722514752089,0.552780841664288,0.44441253230476,0.0105110490242645,0.545076418670976
"GCTCCTAAGCGAAGGG_NS_06","P3006","train","IV","IV","Advanced",1,"IV",2,"Myeloid cells","Myeloid cells","CD163+CD14+ DCs","mBrain","NS_06","mBrain",0.134495485181646,0.178634661601742,0.686869853216612,0.00517258454567358,0.00617200452711548,0.988655410927211,0.00469118814046019,0.00619928040858591,0.989109531450954,0.00112096462291243,0.00134558602495926,0.997533449352128,0.000998167163589983,0.0012578413370287,0.997743991499381
"ACTGCTCTCAATCTCT_NS_06","P3006","train","IV","IV","Advanced",1,"IV",2,"Myeloid cells","Myeloid cells","Undetermined","mBrain","NS_06","mBrain",0.141246854414063,0.0767326242694038,0.782020521316533,0.0105390078274691,0.00253920143884234,0.986921790733689,0.00937481502942378,0.00224920828144424,0.988375976689132,0.00229250448928582,0.000555569717091143,0.997151925793623,0.00215593348361856,0.000564071244941872,0.99727999527144
"GTAACTGTCAATACCG_NS_19","P3019","train","IV","IV","Advanced",1,"IV",2,"Fibroblasts","Fibroblasts","FB-like cells","mBrain","NS_19","mBrain",0.127239193439062,0.24022692887674,0.632533877684198,0.0211801810876084,0.0653073408036403,0.913512478108751,0.0234605507240959,0.0609383223649827,0.915601126910921,0.00485454328118391,0.015074992559328,0.980070464159488,0.00517124239806619,0.0149920006112687,0.979836756990665
"ATGGGAGCACATCCAA_NS_19","P3019","train","IV","IV","Advanced",1,"IV",2,"T lymphocytes","T/NK cells","CD8 low T","mBrain","NS_19","mBrain",0.0856095365314376,0.0322113451620819,0.882179118306481,0.00367737139318463,0.000694825339676306,0.995627803267139,0.00342449387756673,0.000636278685776409,0.995939227436657,0.000790195007571326,0.000150501528172193,0.999059303464256,0.000743711837607311,0.000142358996265603,0.999113929166127
"CGCCAAGTCTTCATGT_NS_13","P3013","train","IV","IV","Advanced",1,"IV",2,"MAST cells","MAST cells","MAST","mBrain","NS_13","mBrain",0.381673074522492,0.156296428273637,0.462030497203871,0.283684492698387,0.071817060224332,0.644498447077281,0.324041632740745,0.0536292156058963,0.622329151653359,0.0843514319921012,0.0212857478728761,0.894362820135023,0.0845956347911938,0.0166592598331051,0.898745105375701
"TAGAGCTAGCTGATAA_NS_16","P3016","train","IIIA","III","Advanced",1,"II_III",1,"B lymphocytes","B lymphocytes","MALT B cells","mBrain","NS_16","mBrain",0.227801660106062,0.307593782645507,0.464604557248431,0.0629732824321917,0.263288465351111,0.673738252216697,0.0629343586855153,0.242767910942375,0.69429773037211,0.0318797334239598,0.626196447126746,0.341923819449294,0.0318282955977104,0.606900993480259,0.361270710922031
"GTACTCCTCTTTACGT_NS_16","P3016","train","IIIA","III","Advanced",1,"II_III",1,"T lymphocytes","T/NK cells","CD8+/CD4+ Mixed Th","mBrain","NS_16","mBrain",0.34395720632226,0.25968949363271,0.39635330004503,0.259064130202427,0.230882712736825,0.510053157060748,0.262532031830035,0.223074775724112,0.514393192445853,0.139861354098969,0.584525796092027,0.275612849809004,0.144943925312243,0.565956503656072,0.289099571031685
"TACCTTATCTACCTGC_NS_13","P3013","train","IV","IV","Advanced",1,"IV",2,"MAST cells","MAST cells","MAST","mBrain","NS_13","mBrain",0.370432390877369,0.122589049636169,0.506978559486462,0.292680117417099,0.0298766049242427,0.677443277658658,0.324814475731047,0.0211372053098277,0.654048318959125,0.0840378669053512,0.0085593203665478,0.907402812728101,0.0852967374851986,0.00650875274317084,0.908194509771631
"TCTTTCCTCCCTAACC_NS_17","P3017","train","IV","IV","Advanced",1,"IV",2,"Myeloid cells","Myeloid cells","Microglia/Mac","mBrain","NS_17","mBrain",0.277625073300382,0.0130968911454747,0.709278035554143,0.0342729998445752,0.00101418532699575,0.964712814828429,0.032027424431996,0.00109496592958154,0.966877609638422,0.00754814940965944,0.000225142287097197,0.992226708303243,0.00753746016107919,0.000246117789093162,0.992216422049828
"ACACTGAAGAATCTCC_NS_17","P3017","train","IV","IV","Advanced",1,"IV",2,"Epithelial cells","Epithelial cells","Malignant cells","mBrain","NS_17","mBrain",0.00338215371397704,1.90725074255327e-07,0.996617655560949,1.12870072690641e-06,1.91670386066736e-08,0.999998852132234,9.17476295618617e-07,3.41785156191576e-08,0.999999048345189,2.41845913884866e-07,4.08592355591818e-09,0.999999754068163,2.18831166797967e-07,5.82530947710589e-09,0.999999775343524
"CCGGTAGAGGCAAAGA_NS_06","P3006","train","IV","IV","Advanced",1,"IV",2,"Myeloid cells","Myeloid cells","Undetermined","mBrain","NS_06","mBrain",0.0959379800858785,0.0526509139876652,0.851411105926456,0.00541145614176134,0.000805757547683795,0.993782786310555,0.00486722366308513,0.000716332937812997,0.994416443399102,0.00116880450076982,0.000174728907143483,0.998656466592087,0.00108428568784165,0.00017248527981832,0.99874322903234
"GACGGCTTCCACGCAG_NS_13","P3013","train","IV","IV","Advanced",1,"IV",2,"T lymphocytes",NA,NA,"mBrain","NS_13","mBrain",0.685496801288826,0.192534885379526,0.121968313331648,0.939932342479088,0.0423243370915806,0.0177433204293313,0.941218110310857,0.0417396250603057,0.0170422646288377,0.882280949764313,0.0399172134619561,0.0778018367737307,0.882873332241156,0.0408983411363906,0.0762283266224529
"TTAACTCCAGCTGTGC_NS_19","P3019","train","IV","IV","Advanced",1,"IV",2,"Myeloid cells","Myeloid cells","mo-Mac","mBrain","NS_19","mBrain",0.304248133965041,0.210255594675894,0.485496271359064,0.143569383130712,0.0352630171641417,0.821167599705146,0.135826002608852,0.032838200308886,0.831335797082262,0.0358714269343993,0.00886254337472063,0.95526602969088,0.0333710212935691,0.0083727861349641,0.958256192571467
"CAGCTGGCACATTCGA_NS_04","P3004","train","IV","IV","Advanced",1,"IV",2,"Myeloid cells","Myeloid cells","mo-Mac","mBrain","NS_04","mBrain",0.0362654068464771,0.0329503303597198,0.930784262793803,0.000178955965047519,7.75582072644795e-05,0.999743485827688,0.000151912553757357,7.11820738422342e-05,0.9997769053724,3.85446784541356e-05,1.6792118660132e-05,0.999944663202886,3.27719068212387e-05,1.57547252816168e-05,0.999951473367897
"TGCGTGGAGACGCAAC_NS_04","P3004","train","IV","IV","Advanced",1,"IV",2,"Epithelial cells","Epithelial cells","Malignant cells","mBrain","NS_04","mBrain",0.0321477482747255,0.000581680199328785,0.967270571525946,0.000308012865831175,3.58291299518896e-05,0.999656158004217,0.000295697773290143,4.38040763448657e-05,0.999660498150365,6.60313073301665e-05,7.68150074759659e-06,0.999926287191922,6.31047059962775e-05,9.65942617971691e-06,0.999927235867824
"AACTCAGCAGTAAGCG_NS_04","P3004","train","IV","IV","Advanced",1,"IV",2,"Epithelial cells","Epithelial cells","Malignant cells","mBrain","NS_04","mBrain",0.0249170842974369,0.00153022588287271,0.97355268981969,0.000310876608354148,2.52197368191851e-05,0.999663903654827,0.000304109754857545,2.70010958973156e-05,0.999668889149245,6.66032236282185e-05,5.40827528115812e-06,0.999927988501091,6.43803265600295e-05,5.99679298442229e-06,0.999929622880456
"GCAAACTGTCAGAATA_NS_19","P3019","train","IV","IV","Advanced",1,"IV",2,"Myeloid cells","Myeloid cells","mo-Mac","mBrain","NS_19","mBrain",0.0864154428787879,0.0640383105056051,0.849546246615607,0.00122371774747861,0.000277801495426709,0.998498480757095,0.00105638313277827,0.000222324420567046,0.998721292446655,0.000262892205363696,6.04891551419213e-05,0.999676618639494,0.000240511341226176,5.69206912510909e-05,0.999702567967523
"GGAACTTCAAGTACCT_NS_17","P3017","train","IV","IV","Advanced",1,"IV",2,"T lymphocytes","T/NK cells","Exhausted CD8+ T","mBrain","NS_17","mBrain",0.120257310982197,0.00214901455063273,0.87759367446717,0.00942466978495016,0.000372821081402683,0.990202509133647,0.00872518437880351,0.000464910128833964,0.990809905492362,0.00203634940418079,8.04034782737543e-05,0.997883247117546,0.00197300202474171,9.13104769184987e-05,0.99793568749834
"TTCTCAAGTCGCTTCT_NS_04","P3004","train","IV","IV","Advanced",1,"IV",2,"Epithelial cells","Epithelial cells","Malignant cells","mBrain","NS_04","mBrain",0.0554934577096455,0.00856887113308268,0.935937671157272,0.0026744099493522,0.000974825956609783,0.996350764094038,0.00261416388786492,0.000994166096276373,0.996391670015859,0.000575864169369013,0.000209903163766698,0.999214232666864,0.000552469467896326,0.000207947868478668,0.999239582663625
"TGCACCTTCAGAAATG_NS_13","P3013","train","IV","IV","Advanced",1,"IV",2,"T lymphocytes","T/NK cells","Undetermined","mBrain","NS_13","mBrain",0.470513181233468,0.0879429887307749,0.441543830035758,0.614786935511857,0.00567444446537631,0.379538620022767,0.614502020579652,0.00540725981590565,0.380090719604443,0.257002485866327,0.00238500697499611,0.740612507158677,0.258079991570005,0.00243925085652767,0.739480757573467
"CCTACCAAGCCGGTAA_NS_03","P3003","train","IV","IV","Advanced",1,"IV",2,"Epithelial cells","Epithelial cells","Malignant cells","mBrain","NS_03","mBrain",0.103983527554765,0.00978511167989061,0.886231360765345,0.0024250787465524,0.000261319031046691,0.997313602222401,0.00293954464127815,0.000225566399220446,0.996834888959501,0.000521385504623763,5.57315501757009e-05,0.999422882945201,0.000580938365098407,5.6568066660001e-05,0.999362493568242
"CGAGCCACACCAGCAC_NS_03","P3003","train","IV","IV","Advanced",1,"IV",2,"Epithelial cells","Epithelial cells","Malignant cells","mBrain","NS_03","mBrain",0.0292473267047426,0.00325252091586958,0.967500152379388,9.69782114890541e-05,3.25027376462014e-05,0.999870519050865,0.000115360722326378,2.8821388595716e-05,0.999855817889078,2.08257644041598e-05,6.91180104999228e-06,0.999972262434546,2.26051539191875e-05,7.22559418121594e-06,0.9999701692519
"CATGCCTCAATGGTCT_NS_13","P3013","train","IV","IV","Advanced",1,"IV",2,"B lymphocytes","B lymphocytes","Follicular B cells","mBrain","NS_13","mBrain",0.462239656892951,0.194925588917909,0.342834754189139,0.731892039799473,0.0297962996789022,0.238311660521625,0.72911253153706,0.0295521502832722,0.241335318179668,0.390762921793028,0.0159077532817385,0.593329324925234,0.388622905647356,0.0169171838696373,0.594459910483007
"GGGATGACAAAGCAAT_NS_03","P3003","train","IV","IV","Advanced",1,"IV",2,"Epithelial cells","Epithelial cells","Malignant cells","mBrain","NS_03","mBrain",0.0859720831349089,0.00952137409573707,0.904506542769354,0.00357374019592091,0.000367864423967318,0.996058395380112,0.00381305565526544,0.000350580143212616,0.995836364201522,0.000769768841894742,7.87183014267919e-05,0.999151512856679,0.00080034363965311,8.09683766184741e-05,0.999118687983728
"ATAAGAGCATGTAAGA_NS_13","P3013","train","IV","IV","Advanced",1,"IV",2,"B lymphocytes","B lymphocytes","Plasma cells","mBrain","NS_13","mBrain",0.391124515351857,0.239122984767644,0.369752499880498,0.487973270937356,0.102266962887364,0.40975976617528,0.488905181645794,0.0995131531603374,0.411581665193869,0.194863620950565,0.0408273597860954,0.764309019263339,0.193674512320029,0.0423736854161158,0.763951802263855
"CTGATAGTCGAACGGA_NS_19","P3019","train","IV","IV","Advanced",1,"IV",2,"Myeloid cells","Myeloid cells","CD1c+ DCs","mBrain","NS_19","mBrain",0.00634260545884095,0.00608032408773286,0.987577070453426,3.97008905821361e-06,3.15332338520881e-06,0.999992876587557,3.35276410378292e-06,3.01029774903941e-06,0.999993636938147,8.5374500325658e-07,6.78230302362593e-07,0.999998468024694,7.11642469284518e-07,6.60932521896069e-07,0.999998627425009
"GACGCGTCAGATAATG_NS_03","P3003","train","IV","IV","Advanced",1,"IV",2,"Epithelial cells","Epithelial cells","Malignant cells","mBrain","NS_03","mBrain",0.0446290510695718,0.00413182803905125,0.951239120891377,0.000119595833932109,9.74250213069821e-05,0.999782979144761,0.000139541593580588,7.57781911212909e-05,0.999784680215298,2.55644791930033e-05,2.09690683404668e-05,0.999953466452467,2.69210323072933e-05,1.93486369780467e-05,0.999953730330715
"TACTTACGTCTAAAGA_NS_17","P3017","train","IV","IV","Advanced",1,"IV",2,"Epithelial cells","Epithelial cells","Malignant cells","mBrain","NS_17","mBrain",0.0320725729643298,4.54053280232656e-05,0.967882021707647,0.000764458979590366,7.42383753017798e-06,0.99922811718288,0.000665061194353498,1.07977112932147e-05,0.999324141094353,0.000163855114056655,1.58484659228885e-06,0.999834560039351,0.000155614473115997,1.97357611086105e-06,0.999842411950773
"ACGGAGAGTTACAGAA_NS_03","P3003","train","IV","IV","Advanced",1,"IV",2,"Epithelial cells","Epithelial cells","Malignant cells","mBrain","NS_03","mBrain",0.0502437070636507,0.00594327610594923,0.9438130168304,0.000478242968471172,0.000114734369585355,0.999407022661943,0.000551055603470995,9.68770219407846e-05,0.999352067374588,0.000102573344481134,2.44637074325043e-05,0.999872962948086,0.000109498595207742,2.40773136452028e-05,0.999866424091147
"GGCGTGTCACACCGAC_NS_19","P3019","train","IV","IV","Advanced",1,"IV",2,"Myeloid cells","Myeloid cells","mo-Mac","mBrain","NS_19","mBrain",0.283798480213722,0.239345673025847,0.47685584676043,0.0958678267387321,0.046241741746578,0.85789043151469,0.0888994143458628,0.0450250379322267,0.866075547721911,0.0232013555501965,0.0112250445211299,0.965573599928674,0.0209132815235364,0.0106272698839811,0.968459448592482
"TCGCGAGGTGTCTGAT_NS_17","P3017","train","IV","IV","Advanced",1,"IV",2,"T lymphocytes",NA,NA,"mBrain","NS_17","mBrain",0.342251177388338,0.00878034735666038,0.648968475255002,0.189935429517039,0.00298642418815489,0.807078146294806,0.189688759977607,0.0034839493306985,0.806827290691694,0.0479559222717753,0.000754818024034803,0.95128925970419,0.0491752707321628,0.000834779176809469,0.949989950091028
"CCATGTCCAGTCAGAG_NS_03","P3003","train","IV","IV","Advanced",1,"IV",2,"Myeloid cells","Myeloid cells","Monocytes","mBrain","NS_03","mBrain",0.271078815811701,0.124590976894164,0.604330207294136,0.0634017737414918,0.0136760605384491,0.922922165720059,0.0613826870497519,0.0146394426989413,0.923977870251307,0.0144832962982922,0.00312339876010628,0.982393304941601,0.0131160986664239,0.00307135734659883,0.983812543986977
"AGTCTTTTCAGATAAG_NS_04","P3004","train","IV","IV","Advanced",1,"IV",2,"Epithelial cells","Epithelial cells","Malignant cells","mBrain","NS_04","mBrain",0.0398996980708862,0.00381853488381746,0.956281767045296,0.00103487188521911,0.000365875585760619,0.99859925252902,0.00100833535339866,0.000388353467896842,0.998603311178705,0.000221873847806284,7.8724946938315e-05,0.999699401205255,0.000211790579438834,8.0322063454705e-05,0.999707887357107
"ATTGGTGAGCGGCTTC_NS_17","P3017","train","IV","IV","Advanced",1,"IV",2,"Epithelial cells","Epithelial cells","Malignant cells","mBrain","NS_17","mBrain",0.0326118201667079,5.90790311024274e-05,0.96732910080219,0.000820690700482542,1.28949732447927e-05,0.999166414326273,0.000690179207478903,1.84967583183058e-05,0.999291324034203,0.000176067465098138,2.74905447689013e-06,0.999821183480425,0.000162128234408805,3.35888560474782e-06,0.999834512879986
"CGTTCTGAGAGCTGCA_NS_02","P3002","train","IV","IV","Advanced",1,"IV",2,"Myeloid cells","Myeloid cells","mo-Mac","mBrain","NS_02","mBrain",0.140391336951136,0.105159001273948,0.754449661774917,0.00940819326788395,0.00254195370750075,0.988049853024615,0.00834018230232122,0.0022465664764564,0.989413251221222,0.00204403899158051,0.000554804217416918,0.997401156791003,0.00182411669033392,0.000526403936282213,0.997649479373384
"TCTCTAAAGGGATACC_NS_02","P3002","train","IV","IV","Advanced",1,"IV",2,"Myeloid cells","Myeloid cells","mo-Mac","mBrain","NS_02","mBrain",0.210218268465808,0.116809974911834,0.672971756622358,0.0136923902463397,0.00251179344406494,0.983795816309595,0.0126759590040489,0.00206912865497922,0.985254912340972,0.00297279076670078,0.000552095749930082,0.996475113483369,0.00279884737833171,0.000501255447328334,0.99669989717434
"CTGCTGTAGTCGCCGT_NS_03","P3003","train","IV","IV","Advanced",1,"IV",2,"Epithelial cells","Epithelial cells","Malignant cells","mBrain","NS_03","mBrain",0.120462773398338,0.00846133928975416,0.871075887311908,0.00307099707952568,0.000310261644155646,0.996618741276319,0.00372400986981471,0.000282684319122321,0.995993305811063,0.000661261528720895,6.60335190163875e-05,0.999272704952263,0.000740984442530735,7.05927892640613e-05,0.999188422768205
"ACGCCAGTCGCTTGTC_NS_16","P3016","train","IIIA","III","Advanced",1,"II_III",1,"Myeloid cells","Myeloid cells","mo-Mac","mBrain","NS_16","mBrain",0.0469171560433552,0.0726139637662349,0.88046888019041,0.000351301028371295,0.000366276238468762,0.99928242273316,0.00030808249912979,0.000327442292707915,0.999364475208162,0.000351025424009218,0.00172262021177537,0.997926354364215,0.000314249721791839,0.00160509784017303,0.998080652438035
"CCATTCGGTGTTGAGG_NS_13","P3013","train","IV","IV","Advanced",1,"IV",2,"MAST cells","MAST cells","MAST","mBrain","NS_13","mBrain",0.324118902470506,0.161495466980755,0.514385630548739,0.238629361792736,0.0315980218390419,0.729772616368222,0.26214389163742,0.0219526397572709,0.715903468605309,0.0648823573173851,0.00857987202544773,0.926537770657167,0.0629578445777024,0.00647598922992542,0.930566166192372
"CAACTAGAGGGTGTGT_NS_02","P3002","train","IV","IV","Advanced",1,"IV",2,"Myeloid cells","Myeloid cells","mo-Mac","mBrain","NS_02","mBrain",0.00901816958432894,0.00739228956897738,0.983589540846694,5.87027120926212e-06,7.70186798953541e-07,0.999993359541992,4.86136067038581e-06,5.76211042327194e-07,0.999994562428287,1.25732179624112e-06,1.67433805861316e-07,0.999998575244398,1.11325175019132e-06,1.53727282229231e-07,0.999998733020968
"GGGATGACACATCTTT_NS_19","P3019","train","IV","IV","Advanced",1,"IV",2,"Myeloid cells","Myeloid cells","mo-Mac","mBrain","NS_19","mBrain",0.000316836752715242,0.000457260638965579,0.999225902608319,1.48265807746719e-09,1.60198143140337e-09,0.999999996915361,1.12790427551782e-09,1.39376885054526e-09,0.999999997478327,3.19320627799453e-10,3.46494377247579e-10,0.999999999334185,2.46161786821335e-10,3.17420886193471e-10,0.999999999436417
"TGACAACAGTGGGTTG_NS_03","P3003","train","IV","IV","Advanced",1,"IV",2,"Epithelial cells","Epithelial cells","Malignant cells","mBrain","NS_03","mBrain",0.103380161573378,0.0110618305048293,0.885558007921793,0.0027716581521472,0.000223639513381256,0.997004702334472,0.00337518526445911,0.000190557282752407,0.996434257452788,0.000596162246663361,4.75785711714369e-05,0.999356259182165,0.000669796180419308,4.79572021136245e-05,0.999282246617467
