"Cell","Patient","split","Stage","Stage_broad","Stage_group","z_obs","Stage_cat","y_cat","Cell_type","Cell_type.refined","Cell_subtype","Tissue","Sample","Sample_Origin","naive_prob_I","naive_prob_II_III","naive_prob_IV","cat_em_prob_I","cat_em_prob_II_III","cat_em_prob_IV","cat_mcem_prob_I","cat_mcem_prob_II_III","cat_mcem_prob_IV","cat_em_soft_label_I","cat_em_soft_label_II_III","cat_em_soft_label_IV","cat_mcem_soft_label_I","cat_mcem_soft_label_II_III","cat_mcem_soft_label_IV"
"CTAATGGGTGAAATCA_NS_03","P3003","train","IV","IV","Advanced",1,"IV",2,"Epithelial cells","Epithelial cells","Malignant cells","mBrain","NS_03","mBrain",0.000658179459499196,0.00568435463736817,0.993657465903133,6.52775820471899e-07,2.26296189128054e-05,0.999976717605267,7.55623526231482e-07,2.16974172746056e-05,0.999977546959199,1.40448307672484e-07,4.86047716634528e-06,0.999994999074526,1.63865794766542e-07,7.41226570916075e-06,0.999992423868496
"CTAATGGGTATAAACG_NS_13","P3013","train","IV","IV","Advanced",1,"IV",2,"MAST cells","MAST cells","MAST","mBrain","NS_13","mBrain",0.296677215256483,0.130318832616141,0.573003952127376,0.365048229708467,0.0894578540476279,0.545493916243905,0.386361198343397,0.0873880670947389,0.526250734561864,0.121951645318179,0.0298239764945718,0.848224378187249,0.123135159733196,0.0289464165446585,0.847918423722146
"CGTCACTGTCTTGTCC_NS_03","P3003","train","IV","IV","Advanced",1,"IV",2,"Epithelial cells","Epithelial cells","Malignant cells","mBrain","NS_03","mBrain",0.00371805260677588,0.0085651128831669,0.987716834510057,7.41463035167289e-05,5.54528554227097e-05,0.999870400841061,9.05977696606037e-05,5.11101975069793e-05,0.999858292032832,1.59428525731068e-05,1.19813634132249e-05,0.999972075784014,2.08826565010326e-05,1.57708978737978e-05,0.999963346445625
"CAGTCCTCATCATCCC_NS_02","P3002","train","IV","IV","Advanced",1,"IV",2,"Epithelial cells","Epithelial cells","Malignant cells","mBrain","NS_02","mBrain",0.00171095065299184,0.000480576768772556,0.997808472578236,4.43119811274849e-06,1.06497886549797e-06,0.999994503823022,4.2263330087408e-06,1.04391926897098e-06,0.999994729747722,9.55095079489625e-07,2.29068935503255e-07,0.999998815835985,8.63302600694915e-07,2.1036318571014e-07,0.999998926334214
"CTCGAGGAGCCACGCT_NS_17","P3017","train","IV","IV","Advanced",1,"IV",2,"Myeloid cells","Myeloid cells","Microglia/Mac","mBrain","NS_17","mBrain",0.0190802438473093,0.00147298169847044,0.97944677445422,0.000170972968872334,2.40638368311818e-05,0.999804963194296,0.000153014479519676,1.75493736895653e-05,0.999829436146791,3.68559650882342e-05,5.19384971376859e-06,0.999957950185198,3.43481944792628e-05,3.98850275125831e-06,0.999961663302769
"TGACAACGTTCACCTC_NS_03","P3003","train","IV","IV","Advanced",1,"IV",2,"Epithelial cells","Epithelial cells",NA,"mBrain","NS_03","mBrain",0.00452860211759216,0.0169116241362983,0.978559773746109,0.000343474909236415,0.000985780905744097,0.998670744185019,0.000479899568997892,0.000944627065831612,0.99857547336517,7.34728586080471e-05,0.00021339797640906,0.999713129164983,0.000101212988221155,0.000271971284965763,0.999626815726813
"GCGACCAAGAGCTGCA_NS_02","P3002","train","IV","IV","Advanced",1,"IV",2,"Myeloid cells","Myeloid cells","mo-Mac","mBrain","NS_02","mBrain",0.0533985694859215,0.0231484752043167,0.923452955309762,0.000462328880652498,0.000134605059969022,0.999403066059378,0.00041491368739926,0.000106548873832104,0.999478537438769,9.98959820410067e-05,2.89391854145424e-05,0.999871164832544,9.25388534810685e-05,2.26816835750398e-05,0.999884779462944
"AGGCCGTGTTGGTTTG_NS_16","P3016","train","IIIA","III","Advanced",1,"II_III",1,"Oligodendrocytes",NA,NA,"mBrain","NS_16","mBrain",0.0394303753571429,0.88839616393761,0.0721734607052467,0.0023240099700598,0.989688779057886,0.00798721097205469,0.00305948213764413,0.989150376868974,0.00779014099338163,0.000503367868917177,0.997765665852005,0.00173096627907774,0.000698568637675526,0.997354738404631,0.00194669295769306
"AAAGTAGAGAATTCCC_NS_17","P3017","train","IV","IV","Advanced",1,"IV",2,"Myeloid cells","Myeloid cells","Microglia/Mac","mBrain","NS_17","mBrain",0.0391289527855236,0.00450331036382421,0.956367736850652,0.00239699437760304,7.99411057312897e-05,0.997523064516666,0.00234102816606812,7.65345239411861e-05,0.997582437309991,0.000513673819245575,1.71953933549176e-05,0.999469130787399,0.000469268460301466,1.3955500377376e-05,0.999516776039321
"ATCATGGGTTGTGGAG_NS_03","P3003","train","IV","IV","Advanced",1,"IV",2,"Epithelial cells","Epithelial cells","Malignant cells","mBrain","NS_03","mBrain",0.0230425210289573,0.0907190980983733,0.886238380872669,0.00262622072242581,0.00362148095771535,0.993752298319859,0.00276675969056843,0.00351454450283902,0.993718695806593,0.000566205913273996,0.000781076691923434,0.998652717394803,0.000653763982042245,0.000962707693862449,0.998383528324095
"AGAGCGAAGGTGTGGT_NS_02","P3002","train","IV","IV","Advanced",1,"IV",2,"Myeloid cells","Myeloid cells","mo-Mac","mBrain","NS_02","mBrain",0.0132420731903753,0.00651742722454865,0.980240499585076,3.2330346909316e-05,5.11889008228424e-06,0.999962550763008,2.79190087499352e-05,4.24636365962454e-06,0.999967834627591,6.96361471404592e-06,1.09657666690055e-06,0.999991939808619,6.58139387138151e-06,9.68468000603509e-07,0.999992450138128
"GCATGATGTGAGGGTT_NS_13","P3013","train","IV","IV","Advanced",1,"IV",2,"T lymphocytes","T/NK cells","Undetermined","mBrain","NS_13","mBrain",0.0922063319806048,0.00747476090773029,0.900318907111665,0.0185486007878908,0.00012110711384007,0.981330292098269,0.0199415916716854,0.000118635774651988,0.979939772553663,0.00402877784127327,2.63466652782894e-05,0.995944875493448,0.00423573133490891,2.71611767983412e-05,0.995737107488293
"GACTAACGTTTGGGCC_NS_02","P3002","train","IV","IV","Advanced",1,"IV",2,"T lymphocytes","T/NK cells","CD4+ Th","mBrain","NS_02","mBrain",0.0841473454162717,0.105794179766295,0.810058474817434,0.0244840857128679,0.00495186945884032,0.970564044828292,0.0212314508846563,0.00430656457898696,0.974461984536357,0.0053843438001298,0.00109232949715786,0.993523326702712,0.00494874751769307,0.000886982249111258,0.994164270233196
"CGTTAGATCGCCATAA_NS_16","P3016","train","IIIA","III","Advanced",1,"II_III",1,"NK cells","T/NK cells","NK","mBrain","NS_16","mBrain",0.470427816321984,0.391036514139505,0.138535669538512,0.24600062689981,0.692868249854059,0.0611311232461307,0.231794750184475,0.705336297860747,0.0628689519547776,0.069544646351908,0.913181930890277,0.0172734227578147,0.0645070169802507,0.918406872000477,0.017086111019272
"GTAACTGGTTCTCATT_NS_16","P3016","train","IIIA","III","Advanced",1,"II_III",1,"B lymphocytes","B lymphocytes","MALT B cells","mBrain","NS_16","mBrain",0.278276991611178,0.520517986558765,0.201205021830057,0.204817973142253,0.737625234268514,0.0575567925892329,0.197287401705279,0.746271964255073,0.0564406340396482,0.0553962220631897,0.929059458329536,0.0155443196072745,0.0513301342316942,0.934033932903127,0.0146359328651786
"GACTACACACCGCTAG_NS_03","P3003","train","IV","IV","Advanced",1,"IV",2,"Epithelial cells","Epithelial cells","Malignant cells","mBrain","NS_03","mBrain",0.00566429999100765,0.0365734219801586,0.957762278028834,9.51924247244654e-05,0.000519034066838445,0.999385773508437,0.000126594063791026,0.000510766739448496,0.99936263919676,2.04600849465158e-05,0.000112035813260737,0.999867504101793,3.03652242332075e-05,0.000174401945751303,0.999795232830016
"GTCGGGTCAAAGGAAG_NS_19","P3019","train","IV","IV","Advanced",1,"IV",2,"Myeloid cells","Myeloid cells","mo-Mac","mBrain","NS_19","mBrain",0.0114470203863237,0.0375245189392632,0.951028460674413,0.00017453930818344,0.0020406229549458,0.997784837736871,0.000140995097003768,0.00163902253802227,0.998219982364974,3.7409692086673e-05,0.000437466806834637,0.999525123501079,3.24476507056092e-05,0.000355102676803595,0.999612449672491
"GGCCGATTCACGATGT_NS_19","P3019","train","IV","IV","Advanced",1,"IV",2,"Myeloid cells","Myeloid cells","mo-Mac","mBrain","NS_19","mBrain",0.00851611895709462,0.0256774436779487,0.965806437364957,6.56796556221427e-05,0.000404142335306652,0.999530178009071,6.40908339577024e-05,0.000423715306315055,0.999512193859727,1.40194914243229e-05,8.65179734084638e-05,0.999899462535167,1.45397724219907e-05,8.05080971420335e-05,0.999904952130436
"GATCAGTAGCATCATC_NS_02","P3002","train","IV","IV","Advanced",1,"IV",2,"Myeloid cells","Myeloid cells","mo-Mac","mBrain","NS_02","mBrain",0.000187429974834196,0.0011515906913851,0.998660979333781,1.53514028907508e-08,4.11071320931086e-07,0.999999573577276,1.47759784486323e-08,4.06516444123636e-07,0.999999578707577,3.32207610357725e-09,8.82662700027716e-08,0.999999908411654,3.03921558188225e-09,6.63921803932566e-08,0.999999930568604
"GCGCGATTCTAACTTC_NS_04","P3004","train","IV","IV","Advanced",1,"IV",2,"Epithelial cells","Epithelial cells","Malignant cells","mBrain","NS_04","mBrain",0.125524256603664,0.00230923867977787,0.872166504716559,0.00567172747527847,0.000168267642102422,0.994160004882619,0.00586034352986403,0.000193063165424815,0.993946593304711,0.0012241773714763,3.63492736346411e-05,0.998739473354889,0.00150176928159488,3.46223365729649e-05,0.998463608381832
"GGGAGATTCTTCGGTC_NS_19","P3019","train","IV","IV","Advanced",1,"IV",2,"Myeloid cells","Myeloid cells","mo-Mac","mBrain","NS_19","mBrain",0.100118980075551,0.092166353338282,0.807714666586167,0.00196793338623757,0.00226483475062665,0.995767231863136,0.00190988166148497,0.00222808356258749,0.995862034775927,0.000428803203468429,0.000489805712287312,0.999081391084244,0.00039665027802021,0.000407004772142372,0.999196344949837
"TTCTTAGTCAGCCTAA_NS_02","P3002","train","IV","IV","Advanced",1,"IV",2,"T lymphocytes","T/NK cells","Treg","mBrain","NS_02","mBrain",0.345894205578889,0.3500394629301,0.304066331491011,0.240247589273409,0.239022700488555,0.520729710238036,0.205956017071959,0.253527460634946,0.540516522293096,0.0825316459401787,0.082180264778634,0.835288089281187,0.0738009444392196,0.0862442459043193,0.839954809656461
"AGTCTTTGTGAAAGAG_NS_04","P3004","train","IV","IV","Advanced",1,"IV",2,"T lymphocytes","T/NK cells","Exhausted CD8+ T","mBrain","NS_04","mBrain",0.641013645126243,0.19957516283258,0.159411192041177,0.744017281115165,0.023567574306333,0.232415144578502,0.742119448589992,0.0223328813630982,0.23554767004691,0.40192177790104,0.0126948892412944,0.585383332857666,0.421752096535112,0.0122004814503166,0.566047422014572
"CTACATTCACTTGGAT_NS_19","P3019","train","IV","IV","Advanced",1,"IV",2,"B lymphocytes","B lymphocytes","Plasma cells","mBrain","NS_19","mBrain",0.163583497975464,0.050382894990193,0.786033607034343,0.00968720506901335,0.00216214542522649,0.98815064950576,0.00955641947845164,0.00233907579617705,0.988104504725371,0.00209732533689323,0.000467714100461607,0.997434960562645,0.00204094979954426,0.000480098933078422,0.997478951267377
"GGATTACTCGCCCTTA_NS_17","P3017","train","IV","IV","Advanced",1,"IV",2,"Fibroblasts","Fibroblasts","Pericytes","mBrain","NS_17","mBrain",0.291989860392031,0.0439925669212684,0.664017572686701,0.0228416404128423,0.0237809630517699,0.953377396535388,0.0253085039649174,0.0265906035234013,0.948100892511681,0.00488363303584254,0.00533031154592759,0.98978605541823,0.00558290754368009,0.00520012671047116,0.989216965745849
"ATCATCTAGGGATCTG_NS_17","P3017","train","IV","IV","Advanced",1,"IV",2,"Epithelial cells","Epithelial cells","Malignant cells","mBrain","NS_17","mBrain",0.00698507923239723,1.55344281207533e-05,0.992999386339482,8.07169905075288e-05,2.34779346347434e-07,0.999919048230146,8.15758844401472e-05,2.48062703256482e-07,0.999918176052857,1.72584980605426e-05,5.04464239977113e-08,0.999982691055515,1.92657327063201e-05,5.09978394538512e-08,0.999980683269454
"CTGCCTACACGGTAAG_NS_19","P3019","train","IV","IV","Advanced",1,"IV",2,"Epithelial cells","Epithelial cells","Malignant cells","mBrain","NS_19","mBrain",0.000322362638282079,8.84601005097529e-05,0.999589177261208,5.13728726950382e-11,3.42131564552133e-10,0.999999999606496,4.50968075327449e-11,2.89092731228446e-10,0.99999999966581,1.11193198872603e-11,7.34611511285528e-11,0.99999999991542,9.77204659847615e-12,5.59929957989428e-11,0.999999999934235
"TTGGCAATCGAATGCT_NS_19","P3019","train","IV","IV","Advanced",1,"IV",2,"Epithelial cells","Epithelial cells","Malignant cells","mBrain","NS_19","mBrain",0.0117915297598528,0.000241421681825301,0.987967048558322,6.76739145947496e-09,3.97894558200197e-10,0.999999992834714,5.61136826914687e-09,3.51255615624235e-10,0.999999994037376,1.47532923330746e-09,8.52155473110417e-11,0.999999998439455,1.39341049171863e-09,7.40261333656592e-11,0.999999998532563
"CAGAATCCACATGACT_NS_04","P3004","train","IV","IV","Advanced",1,"IV",2,"Myeloid cells","Myeloid cells","mo-Mac","mBrain","NS_04","mBrain",0.381777279839936,0.0255298573561156,0.592692862803948,0.0666187602104563,0.00045537322180173,0.932925866567742,0.057555278521091,0.000362091975048912,0.94208262950386,0.0152109025582558,0.000103479311400008,0.984685618130344,0.0154353653152333,9.87567561988145e-05,0.984465877928568
"TGAGGGATCAGCACAT_NS_02","P3002","train","IV","IV","Advanced",1,"IV",2,"Oligodendrocytes",NA,NA,"mBrain","NS_02","mBrain",0.0147798898476547,0.487291287530948,0.497928822621397,0.000248923043181082,0.214205155662344,0.785545921294475,0.000343146136005861,0.203194659444595,0.796462194419399,6.39431399710256e-05,0.0550998886468874,0.944836168213142,8.53925676492443e-05,0.0507664325534105,0.94914817487894
"TCCACACTCAGCCTAA_NS_19","P3019","train","IV","IV","Advanced",1,"IV",2,"Fibroblasts","Endothelial cells","Tumor ECs","mBrain","NS_19","mBrain",0.146373062816284,0.00741349259155602,0.84621344459216,0.00947130595349979,2.26744688708963e-05,0.990506019577629,0.00783659314834601,2.15322348886462e-05,0.992141874616765,0.00204778990602921,4.87912776250556e-06,0.997947330966208,0.00221738261572404,3.32068225520267e-06,0.997779296702021
"CACATTTTCGGCGGTT_NS_13","P3013","train","IV","IV","Advanced",1,"IV",2,"Epithelial cells","Epithelial cells","Malignant cells","mBrain","NS_13","mBrain",0.000367901881148213,5.71627594940052e-07,0.999631526491257,2.99647825253531e-07,1.07081988543283e-08,0.999999689643976,3.03996389948805e-07,1.61810822545234e-08,0.999999679822528,6.40036696890279e-08,2.27718236177791e-09,0.999999933719148,7.49865177803555e-08,2.84838543032793e-09,0.999999922165097
"CACCTTGAGCTAACAA_NS_02","P3002","train","IV","IV","Advanced",1,"IV",2,"NK cells","T/NK cells","NK","mBrain","NS_02","mBrain",0.234505925782232,0.111564257113293,0.653929817104476,0.107145537351002,0.00296665214496738,0.889887810504031,0.101599373553255,0.0026573973234917,0.895743229123253,0.0252356556706738,0.000696339283774363,0.974068005045552,0.0246023906182622,0.00069567541150674,0.974701933970231
"TCCCGATCAGTTAACC_NS_17","P3017","train","IV","IV","Advanced",1,"IV",2,"Epithelial cells","Epithelial cells","Malignant cells","mBrain","NS_17","mBrain",0.000904818658633451,6.35291128351559e-06,0.999088828430083,5.40586477212275e-06,2.82516740196272e-08,0.999994565883554,5.53815775824708e-06,3.07769244961172e-08,0.999994431065317,1.15253825740238e-06,6.06785066827123e-09,0.999998841393892,1.22990223453428e-06,6.08103068264668e-09,0.999998764016735
"TGTTCCGCAGCGTAAG_NS_02","P3002","train","IV","IV","Advanced",1,"IV",2,"B lymphocytes","B lymphocytes","Follicular B cells","mBrain","NS_02","mBrain",0.365488384005874,0.0282116957701737,0.606299920223952,0.262778936835536,0.00163740300442533,0.735583660160039,0.262101400655322,0.00159250334962993,0.736306095995048,0.0711504116701682,0.000442032551494575,0.928407555778337,0.0712649685170303,0.00043225877380001,0.92830277270917
"ATGCGATAGTAGCGGT_NS_03","P3003","train","IV","IV","Advanced",1,"IV",2,"Epithelial cells","Epithelial cells","Malignant cells","mBrain","NS_03","mBrain",0.0043409222358735,0.0722790692723168,0.92338000849181,3.32110266043337e-05,0.000522679006680547,0.999444109966715,4.28766010838248e-05,0.000493310989167745,0.999463812409748,7.13539114514975e-06,0.000111883092995161,0.99988098151586,9.04959685168121e-06,0.000171627282999351,0.999819323120149
"CGTGAGCGTTGTACAC_NS_13","P3013","train","IV","IV","Advanced",1,"IV",2,"Epithelial cells","Epithelial cells","Malignant cells","mBrain","NS_13","mBrain",0.324728378047839,0.0327969587440441,0.642474663208117,0.152377226658491,0.0104575305344976,0.837165242807012,0.165211592131891,0.0128879282949264,0.821900479573182,0.0372151267306918,0.00255736221765751,0.960227511051651,0.0356594625061721,0.00284959373630851,0.961490943757519
"ACTGAACAGGGTGTTG_NS_19","P3019","train","IV","IV","Advanced",1,"IV",2,"Myeloid cells","Myeloid cells","mo-Mac","mBrain","NS_19","mBrain",0.166329416522876,0.312637804828701,0.521032778648423,0.017071094594196,0.118915143591325,0.864013761814479,0.013898241427401,0.0945440846607351,0.891557673911864,0.00411075423785637,0.0284746179351035,0.96741462782704,0.00348530599890073,0.023235070649882,0.973279623351217
"GGCTCGACATGTAGTC_NS_03","P3003","train","IV","IV","Advanced",1,"IV",2,"Epithelial cells","Epithelial cells","Malignant cells","mBrain","NS_03","mBrain",0.0108095554383457,0.040222010829468,0.948968433732186,0.000737866643886404,0.000244243171293861,0.99901789018482,0.000811107094582257,0.000247539393717589,0.9989413535117,0.000158558276988396,5.23799453582984e-05,0.999789061777653,0.000182477309438803,7.73059017678097e-05,0.999740216788793
"CACATTTTCCTAGTGA_NS_19","P3019","train","IV","IV","Advanced",1,"IV",2,"Myeloid cells","Myeloid cells","mo-Mac","mBrain","NS_19","mBrain",0.122490162526587,0.178632013164413,0.698877824309,0.00505725142194147,0.0181975381799488,0.97674521039811,0.00484404686602029,0.0178535597134509,0.977302393420529,0.00111664945303996,0.00398546995828307,0.994897880588677,0.000998006376386677,0.00331132831398045,0.995690665309633
"GAACCTATCCTTCAAT_NS_04","P3004","train","IV","IV","Advanced",1,"IV",2,"Myeloid cells","Myeloid cells","mo-Mac","mBrain","NS_04","mBrain",0.390820937202462,0.0644475824193589,0.544731480378179,0.0301161878753809,0.000588647802202829,0.969295164322416,0.0257405711994512,0.000494096978808184,0.973765331821741,0.0066714305932724,0.000129178166090844,0.993199391240637,0.00701176370379207,0.000113887499673041,0.992874348796535
"TCACAAGTCTTCGAGA_NS_03","P3003","train","IV","IV","Advanced",1,"IV",2,"Epithelial cells","Epithelial cells","Malignant cells","mBrain","NS_03","mBrain",0.000574637901636128,0.00779547904611546,0.991629883052248,2.59355818269333e-06,0.000103958818835386,0.999893447622982,3.12152619255993e-06,9.41267163328033e-05,0.999902751757475,5.57870669922018e-07,2.24453599256393e-05,0.999976996769404,7.13043235794107e-07,3.15932488202845e-05,0.999967693707944
"CCTAGCTTCCTCCTAG_NS_17","P3017","train","IV","IV","Advanced",1,"IV",2,"Epithelial cells","Epithelial cells","Malignant cells","mBrain","NS_17","mBrain",0.000695430505857928,1.91691991488824e-07,0.999304377802151,5.75162604937304e-07,2.64391219640836e-10,0.999999424573004,6.03885446987936e-07,3.08905755883892e-10,0.999999395805647,1.22794472332835e-07,5.67339124317483e-11,0.999999877148794,1.4960218164726e-07,5.40851570437264e-11,0.999999850343733
"CGGAGTCGTAGGGACT_NS_17","P3017","train","IV","IV","Advanced",1,"IV",2,"Epithelial cells","Epithelial cells","Malignant cells","mBrain","NS_17","mBrain",0.00304225803530696,3.26820158473676e-06,0.996954473763108,1.5706107417302e-05,1.01271786920944e-08,0.999984283765404,1.76192142264249e-05,1.1541967746134e-08,0.999982369243806,3.35791492900051e-06,2.17853229711925e-09,0.999996639906539,4.00823775181457e-06,1.96882765538875e-09,0.999995989793421
"AGAATAGCAATCGAAA_NS_17","P3017","train","IV","IV","Advanced",1,"IV",2,"Myeloid cells","Myeloid cells","Microglia/Mac","mBrain","NS_17","mBrain",0.0873382255685131,0.0102213310911632,0.902440443340324,0.0149331889581406,0.00151061976244828,0.983556191279411,0.0151667759726242,0.00146413128655262,0.983369092740823,0.00323873949276811,0.000328835167079619,0.996432425340152,0.00292550499790766,0.0002673544165832,0.996807140585509
"ACGTCAAGTTCCATGA_NS_03","P3003","train","IV","IV","Advanced",1,"IV",2,"Epithelial cells","Epithelial cells","Malignant cells","mBrain","NS_03","mBrain",0.000879975636006222,0.00712871174227198,0.991991312621722,5.80513977350448e-06,7.02557091261609e-05,0.9999239391511,7.13904053945978e-06,6.70197005924793e-05,0.999925841258868,1.24754928645312e-06,1.51525244611763e-05,0.999983599926252,1.600539122186e-06,2.28127714799318e-05,0.999975586689398
"CAGATCAGTAATCACC_NS_19","P3019","train","IV","IV","Advanced",1,"IV",2,"Myeloid cells","Myeloid cells","mo-Mac","mBrain","NS_19","mBrain",0.561250545603713,0.0982791628142882,0.340470291581998,0.684210979135784,0.00897315287024701,0.306815867993969,0.655794545732247,0.0081995234167293,0.336005930851023,0.322133253114789,0.00422624410883019,0.673640502776381,0.313695892399321,0.00379037537557736,0.682513732225102
"CAGCAGCTCTCTAGGA_NS_06","P3006","train","IV","IV","Advanced",1,"IV",2,"Oligodendrocytes",NA,NA,"mBrain","NS_06","mBrain",9.28130090868457e-05,0.0105318683571149,0.989375318633798,4.62440118958447e-08,0.00365589701233736,0.996344056743651,6.01013230912795e-08,0.00304021741689246,0.996959722481785,9.91361622968323e-09,0.000785270582508608,0.999214719503875,1.24656170880792e-08,0.000607059257992204,0.999392928276391
"TCGAGGCAGTGCTGCC_NS_13","P3013","train","IV","IV","Advanced",1,"IV",2,"B lymphocytes","B lymphocytes","Follicular B cells","mBrain","NS_13","mBrain",0.226660531902282,0.0331760126971444,0.740163455400573,0.251569478317057,0.00721968299524202,0.741210838687701,0.25717075540649,0.00750468799162264,0.735324556601887,0.0675809117086453,0.00194043083169833,0.930478657459656,0.0674872639337402,0.0019295120990508,0.930583223967209
"GCTCCTAAGCGAAGGG_NS_06","P3006","train","IV","IV","Advanced",1,"IV",2,"Myeloid cells","Myeloid cells","CD163+CD14+ DCs","mBrain","NS_06","mBrain",0.145577687093388,0.168978609938734,0.685443702967878,0.0218031238753814,0.0371338018957808,0.941063074228838,0.0183678596282909,0.0296345414083113,0.951997598963398,0.00494427775892725,0.00837838518610146,0.986677337054971,0.00446732040525773,0.00743739935233283,0.988095280242409
"ACTGCTCTCAATCTCT_NS_06","P3006","train","IV","IV","Advanced",1,"IV",2,"Myeloid cells","Myeloid cells","Undetermined","mBrain","NS_06","mBrain",0.131124664573306,0.176703648401445,0.692171687025249,0.100489515044026,0.143745538868883,0.755764946087091,0.0987313280113935,0.127607712548788,0.773660959439819,0.0265288750482973,0.0381419862095194,0.935329138742183,0.0249587408299069,0.0323271379761177,0.942714121193975
"GTAACTGTCAATACCG_NS_19","P3019","train","IV","IV","Advanced",1,"IV",2,"Fibroblasts","Fibroblasts","FB-like cells","mBrain","NS_19","mBrain",0.0171798013284381,0.0548984438309774,0.927921754840585,6.91385474096711e-06,0.00011830740348836,0.999874778741771,4.7299891506464e-06,8.05957767541663e-05,0.999914674234095,1.49153537335464e-06,2.57418427563541e-05,0.99997276662187,1.36734051092808e-06,2.12116267450379e-05,0.999977421032744
"ATGGGAGCACATCCAA_NS_19","P3019","train","IV","IV","Advanced",1,"IV",2,"T lymphocytes","T/NK cells","CD8 low T","mBrain","NS_19","mBrain",0.0678888281148018,0.0123325987691276,0.919778573116071,0.00132831174520597,5.96648551505469e-06,0.998665721769279,0.00125267119309611,5.48180765906533e-06,0.998741846999245,0.000286234728193201,1.28613067197484e-06,0.999712479141135,0.000278244336192334,1.2263866231391e-06,0.999720529277185
"CGCCAAGTCTTCATGT_NS_13","P3013","train","IV","IV","Advanced",1,"IV",2,"MAST cells","MAST cells","MAST","mBrain","NS_13","mBrain",0.203544272020488,0.0279563341808456,0.768499393798666,0.0905937501196071,0.0149997255715785,0.894406524308814,0.106492378788194,0.0191134996442493,0.874394121567556,0.0211176779472864,0.00350630569868435,0.975376016354029,0.0222133525509791,0.00404533828581063,0.97374130916321
"TAGAGCTAGCTGATAA_NS_16","P3016","train","IIIA","III","Advanced",1,"II_III",1,"B lymphocytes","B lymphocytes","MALT B cells","mBrain","NS_16","mBrain",0.162602968662781,0.445556764747782,0.391840266589437,0.0670966081545365,0.535275620267739,0.397627771577725,0.0696111452236426,0.530582043031384,0.399806811744973,0.0226342643454786,0.84336145255057,0.134004283103951,0.0227524185260051,0.848030310121781,0.129217271352214
"GTACTCCTCTTTACGT_NS_16","P3016","train","IIIA","III","Advanced",1,"II_III",1,"T lymphocytes","T/NK cells","CD8+/CD4+ Mixed Th","mBrain","NS_16","mBrain",0.53309526022919,0.358336027908296,0.108568711862514,0.69010835477623,0.213413131028124,0.0964785141956467,0.683655216813637,0.217169477692878,0.0991753054934855,0.387283486076736,0.558663146796622,0.0540533671266419,0.401178265853958,0.543719735658638,0.0551019984874038
"TACCTTATCTACCTGC_NS_13","P3013","train","IV","IV","Advanced",1,"IV",2,"MAST cells","MAST cells","MAST","mBrain","NS_13","mBrain",0.0675052185058568,0.0147316019699405,0.917763179524203,0.0474689793724418,0.00101765902467257,0.951513361602886,0.0556356708749972,0.00116390159537181,0.943200427529631,0.0105437071050144,0.000226367269544001,0.989229925625442,0.0108379524929434,0.000267292569543719,0.988894754937513
"TCTTTCCTCCCTAACC_NS_17","P3017","train","IV","IV","Advanced",1,"IV",2,"Myeloid cells","Myeloid cells","Microglia/Mac","mBrain","NS_17","mBrain",0.0216953463733991,0.00250616366756349,0.975798489959038,0.000402765196573218,5.84047495205686e-05,0.999538830053906,0.000380536404954917,4.47690533063842e-05,0.999574694541739,8.71060105247766e-05,1.26002637048759e-05,0.99990029372577,8.48641242820796e-05,1.03317659260251e-05,0.999904804109792
"ACACTGAAGAATCTCC_NS_17","P3017","train","IV","IV","Advanced",1,"IV",2,"Epithelial cells","Epithelial cells","Malignant cells","mBrain","NS_17","mBrain",0.000142017614353906,3.67853976902218e-08,0.999857945600248,1.87415744027827e-07,1.35965899041247e-10,0.99999981244829,2.14295284714701e-07,1.50381091407123e-10,0.999999785554334,3.98765227796921e-08,2.92777407586349e-11,0.999999960094199,5.10172369340015e-08,2.6891675550014e-11,0.999999948955871
"CCGGTAGAGGCAAAGA_NS_06","P3006","train","IV","IV","Advanced",1,"IV",2,"Myeloid cells","Myeloid cells","Undetermined","mBrain","NS_06","mBrain",0.0282875780737663,0.0314612601632326,0.940251161763001,0.00140039087122962,0.00188528814755868,0.996714320981212,0.00124380554597078,0.0017428965562941,0.997013297897735,0.000300327973635515,0.000405013659509909,0.999294658366854,0.00027397923838918,0.000383395873315217,0.999342624888296
"GACGGCTTCCACGCAG_NS_13","P3013","train","IV","IV","Advanced",1,"IV",2,"T lymphocytes",NA,NA,"mBrain","NS_13","mBrain",0.70096980264969,0.141374078744511,0.157656118605799,0.90413790309018,0.0399057119528669,0.0559563849569532,0.902862093198934,0.0404010198518203,0.0567368869492456,0.749840817860628,0.0331230137958112,0.217036168343561,0.751291710270187,0.0310778475372047,0.217630442192609
"TTAACTCCAGCTGTGC_NS_19","P3019","train","IV","IV","Advanced",1,"IV",2,"Myeloid cells","Myeloid cells","mo-Mac","mBrain","NS_19","mBrain",0.0847621731097466,0.0633500796676576,0.851887747222596,0.00107391014865502,0.000786612716079592,0.998139477135265,0.00101283575387195,0.000763529420390062,0.998223634825738,0.000232934859992755,0.000169375327500081,0.999597689812507,0.000221436480616672,0.000145459633539338,0.999633103885844
"CAGCTGGCACATTCGA_NS_04","P3004","train","IV","IV","Advanced",1,"IV",2,"Myeloid cells","Myeloid cells","mo-Mac","mBrain","NS_04","mBrain",0.0199067303335641,0.0184997832821154,0.961593486384321,0.0005502119886361,0.000191512383249184,0.999258275628115,0.000435927704324786,0.000181570499083288,0.999382501796592,0.000118043990356023,4.10279707683604e-05,0.999840928038876,0.000107978620129197,4.07278812683583e-05,0.999851293498602
"TGCGTGGAGACGCAAC_NS_04","P3004","train","IV","IV","Advanced",1,"IV",2,"Epithelial cells","Epithelial cells","Malignant cells","mBrain","NS_04","mBrain",0.0395940051260346,1.84635031818225e-05,0.960387531370784,0.000493480441296782,1.17259124988566e-06,0.999505346967453,0.000508839825175218,1.52528327093686e-06,0.999489634891554,0.000105621123311141,2.52463994147551e-07,0.999894126412695,0.00014881855244023,2.36776467563079e-07,0.999850944671092
"AACTCAGCAGTAAGCG_NS_04","P3004","train","IV","IV","Advanced",1,"IV",2,"Epithelial cells","Epithelial cells","Malignant cells","mBrain","NS_04","mBrain",0.194868406537798,0.000347654213267294,0.804783939248935,0.00386460175372096,9.87890542566631e-06,0.996125519340853,0.00394184039251284,1.26621774732768e-05,0.996045497430014,0.000833528103216586,2.12193969225934e-06,0.999164349957091,0.00114810191112553,2.12114795145009e-06,0.998849776940923
"GCAAACTGTCAGAATA_NS_19","P3019","train","IV","IV","Advanced",1,"IV",2,"Myeloid cells","Myeloid cells","mo-Mac","mBrain","NS_19","mBrain",0.0331074249286564,0.104544734210887,0.862347840860457,0.00114156842421469,0.0263006610566883,0.972557770519097,0.000951769879005698,0.0210974294335905,0.977950800687404,0.000250284547639723,0.0057549886144666,0.993994726837894,0.000212849457797509,0.00459364938064944,0.995193501161553
"GGAACTTCAAGTACCT_NS_17","P3017","train","IV","IV","Advanced",1,"IV",2,"T lymphocytes","T/NK cells","Exhausted CD8+ T","mBrain","NS_17","mBrain",0.0346485602941748,0.000538403791573554,0.964813035914252,0.00189077600527968,3.17651528382449e-06,0.998106047479437,0.00205384333885091,3.12839837003301e-06,0.997943028262779,0.000405360354472555,6.82647693881805e-07,0.999593956997834,0.000427675850648072,6.5344818500066e-07,0.999571670701167
"TTCTCAAGTCGCTTCT_NS_04","P3004","train","IV","IV","Advanced",1,"IV",2,"Epithelial cells","Epithelial cells","Malignant cells","mBrain","NS_04","mBrain",0.389769871092908,0.00830049008665942,0.601929638820432,0.0100235830857031,0.000643903537658621,0.989332513376638,0.00986233187745699,0.000744537436925666,0.989393130685617,0.00217582600928066,0.000139336780821419,0.997684837209898,0.00253003351003251,0.000146029632554495,0.997323936857413
"TGCACCTTCAGAAATG_NS_13","P3013","train","IV","IV","Advanced",1,"IV",2,"T lymphocytes","T/NK cells","Undetermined","mBrain","NS_13","mBrain",0.605989401389917,0.0704987437336989,0.323511854876384,0.817860382869053,0.00206872164368528,0.180070895487262,0.821346360478548,0.00216284422581038,0.176490795295641,0.492448654781042,0.00124863556956611,0.506302709649391,0.507493459530107,0.00124940062774088,0.491257139842152
"CCTACCAAGCCGGTAA_NS_03","P3003","train","IV","IV","Advanced",1,"IV",2,"Epithelial cells","Epithelial cells","Malignant cells","mBrain","NS_03","mBrain",0.00465297761337596,0.0696347579205892,0.925712264466035,9.88923382285952e-05,0.000568042282865936,0.999333065378906,0.000128079246390506,0.000555421980626376,0.999316498772983,2.12531488509692e-05,0.00012224116801112,0.999856505683138,2.79404692094523e-05,0.000171937962410256,0.99980012156838
"CGAGCCACACCAGCAC_NS_03","P3003","train","IV","IV","Advanced",1,"IV",2,"Epithelial cells","Epithelial cells","Malignant cells","mBrain","NS_03","mBrain",0.00332907449449658,0.0139037506916099,0.982767174813894,2.55724874280548e-05,4.734806084233e-05,0.99992707945173,2.78782155847297e-05,4.74003463314254e-05,0.999924721438084,5.51045668936733e-06,1.01842553323749e-05,0.999984305287978,6.8174390247667e-06,1.66663679773479e-05,0.999976516192998
"CATGCCTCAATGGTCT_NS_13","P3013","train","IV","IV","Advanced",1,"IV",2,"B lymphocytes","B lymphocytes","Follicular B cells","mBrain","NS_13","mBrain",0.791774050144594,0.0677502939369439,0.140475655918462,0.983152388269394,0.00137382462150888,0.0154737871090968,0.983046661342131,0.00132337120569483,0.0156299674521746,0.930078951457043,0.00130526806282557,0.0686157804801318,0.927253405176775,0.00142621284733591,0.0713203819758894
"GGGATGACAAAGCAAT_NS_03","P3003","train","IV","IV","Advanced",1,"IV",2,"Epithelial cells","Epithelial cells","Malignant cells","mBrain","NS_03","mBrain",0.00784729660148476,0.0120897364881641,0.980062966910351,0.000357271927841228,0.000290679440357555,0.999352048631801,0.000386308902315944,0.000291639674532659,0.999322051423151,7.64839582850523e-05,6.25169136371005e-05,0.999860999128078,8.61089547829946e-05,7.3844388466982e-05,0.99984004665675
"ATAAGAGCATGTAAGA_NS_13","P3013","train","IV","IV","Advanced",1,"IV",2,"B lymphocytes","B lymphocytes","Plasma cells","mBrain","NS_13","mBrain",0.374634330322592,0.216548051714639,0.408817617962769,0.357379844973783,0.115222266716646,0.527397888309571,0.369879470776676,0.118514922806782,0.511605606416541,0.121740228933999,0.0392836656434687,0.838976105422533,0.125295008749282,0.0393218935134849,0.835383097737233
"CTGATAGTCGAACGGA_NS_19","P3019","train","IV","IV","Advanced",1,"IV",2,"Myeloid cells","Myeloid cells","CD1c+ DCs","mBrain","NS_19","mBrain",0.0639876046118272,0.0161976382920171,0.919814757096156,0.000796688875825405,4.46286349458136e-06,0.99919884826068,0.000699395418267276,4.40263300126361e-06,0.999296201948731,0.000169948316925049,9.5489875147372e-07,0.999829096784324,0.000153681374764154,1.10867073263849e-06,0.999845209954503
"GACGCGTCAGATAATG_NS_03","P3003","train","IV","IV","Advanced",1,"IV",2,"Epithelial cells","Epithelial cells","Malignant cells","mBrain","NS_03","mBrain",0.00223886633986732,0.00903647879372374,0.988724654866409,3.1098717157888e-05,6.14836669119771e-05,0.99990741761593,3.77183983317363e-05,5.73696781652112e-05,0.999904911923503,6.67707130523615e-06,1.32855225385677e-05,0.999980037406156,9.29696369745066e-06,1.9106397999116e-05,0.999971596638303
"TACTTACGTCTAAAGA_NS_17","P3017","train","IV","IV","Advanced",1,"IV",2,"Epithelial cells","Epithelial cells","Malignant cells","mBrain","NS_17","mBrain",0.00153652957469542,2.50307697058067e-05,0.998438439655599,3.23682143144619e-05,2.52331185349439e-07,0.9999673794545,3.38260536953739e-05,2.40618458233755e-07,0.999965933327846,6.87424963306004e-06,5.41765114728683e-08,0.999993071573855,7.24806814731515e-06,4.93241797208441e-08,0.999992702607673
"ACGGAGAGTTACAGAA_NS_03","P3003","train","IV","IV","Advanced",1,"IV",2,"Epithelial cells","Epithelial cells","Malignant cells","mBrain","NS_03","mBrain",0.00191967704404879,0.0128174160570839,0.985262906898867,1.42116197559675e-05,0.000147011017512817,0.999838777362731,1.80442568464807e-05,0.000140361311624623,0.999841594431529,3.04905072674466e-06,3.16620839002936e-05,0.999965288865373,3.97918717372166e-06,4.48997563853125e-05,0.999951121056441
"GGCGTGTCACACCGAC_NS_19","P3019","train","IV","IV","Advanced",1,"IV",2,"Myeloid cells","Myeloid cells","mo-Mac","mBrain","NS_19","mBrain",0.086305215171306,0.0416678182453707,0.872026966583323,0.000699737720611465,0.000220704963921655,0.999079557315467,0.000639591465755607,0.00022605880252555,0.999134349731719,0.000152218343219748,4.75561443656415e-05,0.999800225512415,0.000145062387107823,4.4976414169456e-05,0.999809961198723
"TCGCGAGGTGTCTGAT_NS_17","P3017","train","IV","IV","Advanced",1,"IV",2,"T lymphocytes",NA,NA,"mBrain","NS_17","mBrain",0.0362465891845307,0.0048447916993502,0.958908619116119,0.00461597801991345,0.000108888474755096,0.995275133505331,0.00484332931263425,0.000102074139045639,0.99505459654832,0.000993370635468055,2.3508709941302e-05,0.998983120654591,0.00102646690321905,2.22074809501185e-05,0.998951325615831
"CCATGTCCAGTCAGAG_NS_03","P3003","train","IV","IV","Advanced",1,"IV",2,"Myeloid cells","Myeloid cells","Monocytes","mBrain","NS_03","mBrain",0.135459765472919,0.120540878886936,0.743999355640146,0.0231868816551307,0.0164278218891432,0.960385296455726,0.022744489806542,0.0168422671598491,0.960413243033609,0.00519798922180833,0.00365448287716409,0.991147527901028,0.00497549495167409,0.00379279277084174,0.991231712277484
"AGTCTTTTCAGATAAG_NS_04","P3004","train","IV","IV","Advanced",1,"IV",2,"Epithelial cells","Epithelial cells","Malignant cells","mBrain","NS_04","mBrain",0.159453766603637,0.00201997743481876,0.838526255961544,0.00231204041077787,0.000137580960088784,0.997550378629133,0.00228660232971054,0.000153659367630295,0.997559738302659,0.000499278559091145,2.96858347103113e-05,0.999471035606199,0.000605752499310569,2.61801226883266e-05,0.999368067378001
"ATTGGTGAGCGGCTTC_NS_17","P3017","train","IV","IV","Advanced",1,"IV",2,"Epithelial cells","Epithelial cells","Malignant cells","mBrain","NS_17","mBrain",0.00182260085154408,1.83858184377552e-05,0.998159013330018,2.88929056631466e-05,1.42986466532714e-07,0.99997096410787,2.87267490288199e-05,1.43505576497615e-07,0.999971129745395,6.16418771394182e-06,3.07098892849432e-08,0.999993805102397,6.25245151911085e-06,2.76505870886989e-08,0.999993719897894
"CGTTCTGAGAGCTGCA_NS_02","P3002","train","IV","IV","Advanced",1,"IV",2,"Myeloid cells","Myeloid cells","mo-Mac","mBrain","NS_02","mBrain",0.000949716483750644,0.00247483848417419,0.996575445032075,2.56015981630646e-07,1.55365323528146e-06,0.999998190330783,2.31358025832083e-07,1.69629424335097e-06,0.999998072347731,5.55367266092863e-08,3.33335675352671e-07,0.999999611127598,4.8158616347305e-08,2.8886323688296e-07,0.999999662978147
"TCTCTAAAGGGATACC_NS_02","P3002","train","IV","IV","Advanced",1,"IV",2,"Myeloid cells","Myeloid cells","mo-Mac","mBrain","NS_02","mBrain",0.0327101930890667,0.0192726880403959,0.948017118870537,8.86493720540144e-05,3.18311145447136e-05,0.999879519513401,8.44025479234026e-05,2.72867329947823e-05,0.999888310719082,1.92113715194127e-05,6.86778263362544e-06,0.999973920845847,1.79553891743353e-05,5.16768273915868e-06,0.999976876928086
"CTGCTGTAGTCGCCGT_NS_03","P3003","train","IV","IV","Advanced",1,"IV",2,"Epithelial cells","Epithelial cells","Malignant cells","mBrain","NS_03","mBrain",0.0026022875918664,0.0164610597298886,0.980936652678245,3.12355493656673e-05,8.58114823944322e-05,0.99988295296824,3.6736020216817e-05,9.18727225872242e-05,0.999871391257196,6.71271416719552e-06,1.84347381665588e-05,0.999974852547666,8.59764463125769e-06,2.78255520359191e-05,0.999963576803333
"ACGCCAGTCGCTTGTC_NS_16","P3016","train","IIIA","III","Advanced",1,"II_III",1,"Myeloid cells","Myeloid cells","mo-Mac","mBrain","NS_16","mBrain",0.0243088049441399,0.298019091110306,0.677672103945555,0.000408839719116861,0.0920396844481009,0.907551475832782,0.000373474156720633,0.0835896450916195,0.91603688075166,0.000308291232450683,0.32160784492139,0.678083863846159,0.000292874962369705,0.267172129858706,0.732534995178925
"CCATTCGGTGTTGAGG_NS_13","P3013","train","IV","IV","Advanced",1,"IV",2,"MAST cells","MAST cells","MAST","mBrain","NS_13","mBrain",0.0487106971488613,0.0192496924270904,0.932039610424048,0.0356039390608178,0.00761627574738601,0.956779785191796,0.0419503946544856,0.00954164443893412,0.94850796090658,0.00784665498587607,0.0016863259210428,0.990467019093081,0.00767972515944854,0.00203028457952009,0.990289990261031
"CAACTAGAGGGTGTGT_NS_02","P3002","train","IV","IV","Advanced",1,"IV",2,"Myeloid cells","Myeloid cells","mo-Mac","mBrain","NS_02","mBrain",0.00151340174221077,0.00541799469224254,0.993068603565547,1.11941195357576e-06,5.18344495369673e-06,0.999993697143093,9.99551851082786e-07,4.33205130929893e-06,0.99999466839684,2.39944401805257e-07,1.10554826890648e-06,0.999998654507329,2.21185337826118e-07,8.07615607683296e-07,0.999998971199054
"GGGATGACACATCTTT_NS_19","P3019","train","IV","IV","Advanced",1,"IV",2,"Myeloid cells","Myeloid cells","mo-Mac","mBrain","NS_19","mBrain",0.000468304768503386,0.000278530258115735,0.999253164973381,6.04360476241040e-09,4.49674174248258e-10,0.999999993506721,4.45325917700355e-09,5.23478713476073e-10,0.999999995023262,1.30221935751463e-09,9.52932721004375e-11,0.999999998602487,1.23400227792971e-09,1.04099418795825e-10,0.999999998661898
"TGACAACAGTGGGTTG_NS_03","P3003","train","IV","IV","Advanced",1,"IV",2,"Epithelial cells","Epithelial cells","Malignant cells","mBrain","NS_03","mBrain",0.00306165756180777,0.0665834017743799,0.930354940663812,3.1623313391909e-05,0.000371496813483272,0.999596879873125,3.94978792052488e-05,0.000389328144903243,0.999571173975892,6.79978186747405e-06,7.94420792601614e-05,0.999913758138872,8.43910570975928e-06,0.000122439693763968,0.999869121200526
