"Cell","Patient","split","Stage","Stage_broad","Stage_group","z_obs","Stage_cat","y_cat","Cell_type","Cell_type.refined","Cell_subtype","Tissue","Sample","Sample_Origin","naive_prob_I","naive_prob_II_III","naive_prob_IV","cat_em_prob_I","cat_em_prob_II_III","cat_em_prob_IV","cat_mcem_prob_I","cat_mcem_prob_II_III","cat_mcem_prob_IV","cat_em_soft_label_I","cat_em_soft_label_II_III","cat_em_soft_label_IV","cat_mcem_soft_label_I","cat_mcem_soft_label_II_III","cat_mcem_soft_label_IV"
"CTAATGGGTGAAATCA_NS_03","P3003","train","IV","IV","Advanced",1,"IV",2,"Epithelial cells","Epithelial cells","Malignant cells","mBrain","NS_03","mBrain",0.000691800850741235,0.00556142473438606,0.993746774414873,6.58565933262869e-08,1.61224501874944e-06,0.999998321898388,1.06843098396865e-07,2.61339472258942e-06,0.999997279762179,1.43338350535323e-08,3.46642437540295e-07,0.999999639023727,1.85111237798716e-08,1.0671235819292e-06,0.999998914365294
"CTAATGGGTATAAACG_NS_13","P3013","train","IV","IV","Advanced",1,"IV",2,"MAST cells","MAST cells","MAST","mBrain","NS_13","mBrain",0.298838815431283,0.127666365942275,0.573494818626442,0.374329914252732,0.0790652717481624,0.546604813999106,0.388308392547713,0.0754651013113918,0.536226506140895,0.125062579648763,0.0263718514106104,0.848565568940626,0.119090562839427,0.0264642325978831,0.85444520456269
"CGTCACTGTCTTGTCC_NS_03","P3003","train","IV","IV","Advanced",1,"IV",2,"Epithelial cells","Epithelial cells","Malignant cells","mBrain","NS_03","mBrain",0.00390790887095812,0.00827047184601513,0.987821619283027,1.28386246603112e-05,5.43588403587865e-06,0.999981725491304,1.88249302120572e-05,8.04292260710665e-06,0.999973132147181,2.79147444016834e-06,1.16860425827042e-06,0.999996039921302,3.88547606091493e-06,2.76123830110416e-06,0.999993353285638
"CAGTCCTCATCATCCC_NS_02","P3002","train","IV","IV","Advanced",1,"IV",2,"Epithelial cells","Epithelial cells","Malignant cells","mBrain","NS_02","mBrain",0.00165062111524111,0.000458642645644895,0.997890736239114,5.32233109029942e-07,1.76049025006869e-07,0.999999291717866,4.79612769324907e-07,1.78286819432869e-07,0.999999342100411,1.15392947601383e-07,3.77894187415233e-08,0.999999846817634,1.01289436062058e-07,3.61074609388831e-08,0.999999862603103
"CTCGAGGAGCCACGCT_NS_17","P3017","train","IV","IV","Advanced",1,"IV",2,"Myeloid cells","Myeloid cells","Microglia/Mac","mBrain","NS_17","mBrain",0.0185489204902934,0.00146095202836327,0.979990127481343,4.04032264320165e-05,7.30431358739384e-06,0.999952292459981,3.63797363620851e-05,5.11827125953922e-06,0.999958501992378,8.72507806042088e-06,1.57908006690443e-06,0.999989695841873,9.32807926142339e-06,1.24093183994575e-06,0.999989430988899
"TGACAACGTTCACCTC_NS_03","P3003","train","IV","IV","Advanced",1,"IV",2,"Epithelial cells","Epithelial cells",NA,"mBrain","NS_03","mBrain",0.00492587731861867,0.0165672597650236,0.978506862916358,9.01667570012412e-05,0.000174474624499175,0.999735358618499,0.000167534321715561,0.000297155828905907,0.999535309849379,1.94577568775112e-05,3.74092353200951e-05,0.999943133007802,3.24628936520572e-05,0.000101546860377716,0.99986599024597
"GCGACCAAGAGCTGCA_NS_02","P3002","train","IV","IV","Advanced",1,"IV",2,"Myeloid cells","Myeloid cells","mo-Mac","mBrain","NS_02","mBrain",0.0527099759578809,0.022879720792312,0.924410303249807,0.000132318274958066,3.07303288624253e-05,0.99983695139618,0.000116070899406826,2.29641153338168e-05,0.999860964985259,2.87244775991143e-05,6.63587147129167e-06,0.99996463965093,2.68894383167697e-05,4.99442821798538e-06,0.999968116133465
"AGGCCGTGTTGGTTTG_NS_16","P3016","train","IIIA","III","Advanced",1,"II_III",1,"Oligodendrocytes",NA,NA,"mBrain","NS_16","mBrain",0.0406262167797357,0.888123461441776,0.0712503217784884,0.00129041885846936,0.995658899678954,0.00305068146257644,0.00143558634313766,0.99524801311084,0.00331640054602196,0.000280803043052498,0.999063455142396,0.0006557418145511,0.000353515737980733,0.998676866537282,0.000969617724736772
"AAAGTAGAGAATTCCC_NS_17","P3017","train","IV","IV","Advanced",1,"IV",2,"Myeloid cells","Myeloid cells","Microglia/Mac","mBrain","NS_17","mBrain",0.0377280843187515,0.00445824353377579,0.957813672147473,0.000816108878692545,2.66472113899665e-05,0.999157243909918,0.000871111353281561,2.44204346893848e-05,0.999104468212029,0.000174131469061356,5.74342756920337e-06,0.999820125103369,0.000190019377915705,4.94241987203007e-06,0.999805038202212
"ATCATGGGTTGTGGAG_NS_03","P3003","train","IV","IV","Advanced",1,"IV",2,"Epithelial cells","Epithelial cells","Malignant cells","mBrain","NS_03","mBrain",0.0238916811628671,0.0902040638888795,0.885904254948253,0.000969453456888576,0.00108230428671276,0.997948242256399,0.00110338951430424,0.00132640791164751,0.997570202574048,0.000209063374238451,0.000230746313008698,0.999560190312753,0.000235961150710164,0.000381728621505128,0.999382310227785
"AGAGCGAAGGTGTGGT_NS_02","P3002","train","IV","IV","Advanced",1,"IV",2,"Myeloid cells","Myeloid cells","mo-Mac","mBrain","NS_02","mBrain",0.0127759192857603,0.00630374717563014,0.98092033353861,4.9119615913832e-06,9.2464700249686e-07,0.999994163391406,4.14377378590905e-06,7.03385289597878e-07,0.999995152840924,1.06115810570595e-06,1.98428716209604e-07,0.999998740413178,1.02124158118525e-06,1.57993646593117e-07,0.999998820764772
"GCATGATGTGAGGGTT_NS_13","P3013","train","IV","IV","Advanced",1,"IV",2,"T lymphocytes","T/NK cells","Undetermined","mBrain","NS_13","mBrain",0.0912648906784495,0.00704976496455346,0.901685344356997,0.0123775813449198,8.39453044205085e-05,0.98753847335066,0.0137130499921852,7.29388119298041e-05,0.986214011195885,0.00267283580523505,1.81053908186276e-05,0.997309058803946,0.00280879859637937,1.58411550010426e-05,0.99717536024862
"GACTAACGTTTGGGCC_NS_02","P3002","train","IV","IV","Advanced",1,"IV",2,"T lymphocytes","T/NK cells","CD4+ Th","mBrain","NS_02","mBrain",0.0829242990175283,0.103231138549026,0.813844562433446,0.0110074437841297,0.00207896115564524,0.986913595060225,0.00940194517613271,0.00151256278000667,0.989085492043861,0.0023941997040748,0.000454219897253651,0.997151580398671,0.00230375444726474,0.000340682382178251,0.997355563170557
"CGTTAGATCGCCATAA_NS_16","P3016","train","IIIA","III","Advanced",1,"II_III",1,"NK cells","T/NK cells","NK","mBrain","NS_16","mBrain",0.475023044036879,0.387854980893295,0.137121975069826,0.196583482175181,0.75961122590005,0.0438052919247688,0.198654032414495,0.757024488032043,0.0443214795534623,0.0521459394375275,0.936239528565741,0.0116145319967316,0.0503983147486128,0.937975282174255,0.0116264030771318
"GTAACTGGTTCTCATT_NS_16","P3016","train","IIIA","III","Advanced",1,"II_III",1,"B lymphocytes","B lymphocytes","MALT B cells","mBrain","NS_16","mBrain",0.279243717706309,0.519655995650827,0.201100286642864,0.171562097656328,0.789618075262701,0.0388198270809709,0.160650569584082,0.800709731042281,0.0386396993736372,0.0442483832114657,0.945776146451391,0.00997547033714342,0.0400498927538465,0.950003715912317,0.0099463913338359
"GACTACACACCGCTAG_NS_03","P3003","train","IV","IV","Advanced",1,"IV",2,"Epithelial cells","Epithelial cells","Malignant cells","mBrain","NS_03","mBrain",0.00614864639930739,0.0364382786955537,0.957413074905139,1.73264672400377e-05,4.96710625539103e-05,0.999933002470206,2.89676295204367e-05,9.05329986106291e-05,0.999880499371869,3.7659773572739e-06,1.06965766575132e-05,0.999985537445985,5.78942826265029e-06,3.42847964391546e-05,0.999959925775298
"GTCGGGTCAAAGGAAG_NS_19","P3019","train","IV","IV","Advanced",1,"IV",2,"Myeloid cells","Myeloid cells","mo-Mac","mBrain","NS_19","mBrain",0.0112608143648815,0.0366582803084406,0.952080905326678,4.4113109369641e-05,0.000621033388921363,0.999334853501709,4.41124553426213e-05,0.000518911156032975,0.999436976388624,9.37334771032952e-06,0.000132207666273231,0.999858418986016,9.80538793412196e-06,0.000101229025351014,0.999888965586715
"GGCCGATTCACGATGT_NS_19","P3019","train","IV","IV","Advanced",1,"IV",2,"Myeloid cells","Myeloid cells","mo-Mac","mBrain","NS_19","mBrain",0.0084170748740026,0.0251589043287329,0.966424020797265,1.51437928814417e-05,0.000114373632023991,0.999870482575095,1.61796164201458e-05,0.000136670521293007,0.999847149862287,3.21201367591581e-06,2.43410863273025e-05,0.999972446899997,3.69616186941873e-06,2.38591584289904e-05,0.999972444679702
"GATCAGTAGCATCATC_NS_02","P3002","train","IV","IV","Advanced",1,"IV",2,"Myeloid cells","Myeloid cells","mo-Mac","mBrain","NS_02","mBrain",0.000176193580836581,0.00108369892421502,0.998740107494948,9.21152405978325e-10,5.19711596484567e-08,0.999999947107688,8.2042768997883e-10,4.94158621787865e-08,0.99999994976371,2.01442085271929e-10,1.11731140710224e-08,0.999999988625444,1.81029712217981e-10,8.15264230168565e-09,0.999999991666328
"GCGCGATTCTAACTTC_NS_04","P3004","train","IV","IV","Advanced",1,"IV",2,"Epithelial cells","Epithelial cells","Malignant cells","mBrain","NS_04","mBrain",0.123462340366397,0.00222223893604592,0.874315420697558,0.00173969263498062,0.000115322811901003,0.998144984553118,0.00171930830856256,0.00011718520223347,0.998163506489204,0.000376260005188995,2.44829601102143e-05,0.999599257034701,0.000457592681083227,2.23971249880608e-05,0.999520010193929
"GGGAGATTCTTCGGTC_NS_19","P3019","train","IV","IV","Advanced",1,"IV",2,"Myeloid cells","Myeloid cells","mo-Mac","mBrain","NS_19","mBrain",0.0992833781421959,0.0909747848714864,0.809741836986318,0.000638766947213038,0.00081679988060353,0.998544433172183,0.00061123507527811,0.000704800054423882,0.998683964870298,0.000140588779658295,0.000177380126569216,0.999682031093772,0.000129474350153917,0.000139772783892584,0.999730752865953
"TTCTTAGTCAGCCTAA_NS_02","P3002","train","IV","IV","Advanced",1,"IV",2,"T lymphocytes","T/NK cells","Treg","mBrain","NS_02","mBrain",0.347317450249609,0.352083197765296,0.300599351985094,0.300634921154286,0.220830399453005,0.478534679392709,0.28075839931186,0.208829785366031,0.510411815322109,0.109279575691315,0.0802953312339166,0.810425093074769,0.100941879545781,0.0782194597458796,0.820838660708339
"AGTCTTTGTGAAAGAG_NS_04","P3004","train","IV","IV","Advanced",1,"IV",2,"T lymphocytes","T/NK cells","Exhausted CD8+ T","mBrain","NS_04","mBrain",0.639723930588534,0.200398411874359,0.159877657537106,0.739708797290674,0.0150514858609148,0.245239716848411,0.736045292014107,0.0127703057974964,0.251184402188397,0.389655553911352,0.00792147476663816,0.602422971322009,0.410365676528757,0.00736684695921648,0.582267476512026
"CTACATTCACTTGGAT_NS_19","P3019","train","IV","IV","Advanced",1,"IV",2,"B lymphocytes","B lymphocytes","Plasma cells","mBrain","NS_19","mBrain",0.162755658243204,0.0499924100719033,0.787251931684893,0.00368150548596804,0.000658611894974204,0.995659882619058,0.00365199338515986,0.000762425202912664,0.995585581411927,0.000792738477398145,0.000141984543450692,0.999065276979151,0.000776446501204533,0.000153108928059677,0.999070444570736
"GGATTACTCGCCCTTA_NS_17","P3017","train","IV","IV","Advanced",1,"IV",2,"Fibroblasts","Fibroblasts","Pericytes","mBrain","NS_17","mBrain",0.291104259677436,0.044030037279462,0.664865703043102,0.00548539456055928,0.00824337823932188,0.986271227200119,0.0078097883511158,0.00995351150967042,0.982236700139214,0.00110614723016937,0.0018012611086725,0.997092591661158,0.00200450695386133,0.00180429792037665,0.996191195125762
"ATCATCTAGGGATCTG_NS_17","P3017","train","IV","IV","Advanced",1,"IV",2,"Epithelial cells","Epithelial cells","Malignant cells","mBrain","NS_17","mBrain",0.00673043715235211,1.54935768312724e-05,0.993254069270817,1.59649525715557e-05,5.49541952021395e-08,0.999983980093233,1.77333292416126e-05,6.19415398670323e-08,0.999982204729219,3.40850493179152e-06,1.18640501442958e-08,0.999996579631018,4.6571620607956e-06,1.54901183017319e-08,0.999995327347821
"CTGCCTACACGGTAAG_NS_19","P3019","train","IV","IV","Advanced",1,"IV",2,"Epithelial cells","Epithelial cells","Malignant cells","mBrain","NS_19","mBrain",0.000307229634814464,8.74416994305868e-05,0.999605328665755,9.99999999999518e-13,2.85325535265588e-12,0.999999999996147,9.9999999999934e-13,2.97030215760314e-12,0.99999999999603,1.4285714285729e-12,1.4285714285729e-12,0.999999999997143,1.42857142857269e-12,1.42857142857269e-12,0.999999999997143
"TTGGCAATCGAATGCT_NS_19","P3019","train","IV","IV","Advanced",1,"IV",2,"Epithelial cells","Epithelial cells","Malignant cells","mBrain","NS_19","mBrain",0.0116025072252546,0.000243919420639858,0.988153573354105,1.20087820211402e-10,3.39322225780816e-12,0.999999999876519,6.56095805884565e-11,3.16225917167067e-12,0.999999999931228,2.65042784281305e-11,1.4285714287131e-12,0.999999999972067,1.68379044414772e-11,1.42857142866202e-12,0.999999999981734
"CAGAATCCACATGACT_NS_04","P3004","train","IV","IV","Advanced",1,"IV",2,"Myeloid cells","Myeloid cells","mo-Mac","mBrain","NS_04","mBrain",0.379702658986586,0.0256243948076808,0.594672946205733,0.0373142624850853,0.000122385920537943,0.962563351594377,0.0324454303223183,8.65645145123109e-05,0.967468005163169,0.00833441955472308,2.73351667618701e-05,0.991638245278515,0.00931312946216135,2.60976443919389e-05,0.990660772893447
"TGAGGGATCAGCACAT_NS_02","P3002","train","IV","IV","Advanced",1,"IV",2,"Oligodendrocytes",NA,NA,"mBrain","NS_02","mBrain",0.015613866948087,0.489908159048767,0.494477974003146,0.000120514764090201,0.204901529448477,0.794977955787433,0.000126999118747073,0.167051122654601,0.832821878226652,3.10041946865648e-05,0.052485070642094,0.94748392516322,3.00066764600442e-05,0.0400810747805546,0.959888918542985
"TCCACACTCAGCCTAA_NS_19","P3019","train","IV","IV","Advanced",1,"IV",2,"Fibroblasts","Endothelial cells","Tumor ECs","mBrain","NS_19","mBrain",0.144515451472494,0.00706386371645553,0.848420684811051,0.0023916320523591,6.22643146807129e-06,0.997602141516173,0.00189093858154906,4.39845379518517e-06,0.998104662964656,0.00051656520560874,1.33619033758781e-06,0.999482098604054,0.000548766408128042,7.73529919345942e-07,0.999450460061953
"CACATTTTCGGCGGTT_NS_13","P3013","train","IV","IV","Advanced",1,"IV",2,"Epithelial cells","Epithelial cells","Malignant cells","mBrain","NS_13","mBrain",0.000351658750413218,4.82965696067197e-07,0.999647858283891,3.82587370209885e-08,5.28829366969392e-09,0.999999956452969,4.91954041053005e-08,8.66386888560042e-09,0.999999942140727,8.15269094642638e-09,1.1076775171544e-09,0.999999990739632,1.02842229312744e-08,1.23621947462019e-09,0.999999988479558
"CACCTTGAGCTAACAA_NS_02","P3002","train","IV","IV","Advanced",1,"IV",2,"NK cells","T/NK cells","NK","mBrain","NS_02","mBrain",0.232912702895118,0.110611733657884,0.656475563446999,0.0750062476840097,0.00175485315690496,0.923238899159085,0.0700049228157933,0.00140126205775763,0.928593815126449,0.0172364301880068,0.000400623901222386,0.982362945910771,0.016840605120705,0.00036873119418887,0.982790663685106
"TCCCGATCAGTTAACC_NS_17","P3017","train","IV","IV","Advanced",1,"IV",2,"Epithelial cells","Epithelial cells","Malignant cells","mBrain","NS_17","mBrain",0.00083709444031686,6.0499546873493e-06,0.999156855604996,5.58398077927684e-07,3.94338099579135e-09,0.999999437658541,6.49475111195212e-07,4.80970017488711e-09,0.999999345715189,1.18697062279865e-07,8.49601832880216e-10,0.999999880453336,1.56422693327097e-07,1.04384649963136e-09,0.99999984253346
"TGTTCCGCAGCGTAAG_NS_02","P3002","train","IV","IV","Advanced",1,"IV",2,"B lymphocytes","B lymphocytes","Follicular B cells","mBrain","NS_02","mBrain",0.363220094047999,0.028035123837402,0.608744782114599,0.193730290918013,0.000756291941909051,0.805513417140078,0.197207887336637,0.000763928209229707,0.802028184454133,0.0491787889457951,0.00019134899944089,0.950629862054764,0.0501098486446597,0.000207651699373588,0.949682499655967
"ATGCGATAGTAGCGGT_NS_03","P3003","train","IV","IV","Advanced",1,"IV",2,"Epithelial cells","Epithelial cells","Malignant cells","mBrain","NS_03","mBrain",0.00479056219001852,0.073051475119762,0.922157962690219,6.63442691935838e-06,6.07076154655573e-05,0.999932657957615,1.12574535237656e-05,0.00010205764765213,0.999886684898824,1.44092515489941e-06,1.29390584674351e-05,0.999985620016378,1.99816673713431e-06,4.04377547529432e-05,0.99995756407851
"CGTGAGCGTTGTACAC_NS_13","P3013","train","IV","IV","Advanced",1,"IV",2,"Epithelial cells","Epithelial cells","Malignant cells","mBrain","NS_13","mBrain",0.322038684576944,0.0304246628858538,0.647536652537202,0.117206138319614,0.0164871737510153,0.86630668792937,0.135029957348567,0.0196450941983816,0.845324948453052,0.0277765096618646,0.0039013374769297,0.968322152861206,0.02846808859669,0.00376089685070363,0.967771014552606
"ACTGAACAGGGTGTTG_NS_19","P3019","train","IV","IV","Advanced",1,"IV",2,"Myeloid cells","Myeloid cells","mo-Mac","mBrain","NS_19","mBrain",0.167231138110471,0.315244260059107,0.517524601830422,0.00867016916849874,0.0562798066799868,0.935050024151515,0.00766440103396763,0.0430551011800743,0.949280497785958,0.00195643909368965,0.012676315170073,0.985367245736237,0.00173501382957528,0.00960631033053054,0.988658675839894
"GGCTCGACATGTAGTC_NS_03","P3003","train","IV","IV","Advanced",1,"IV",2,"Epithelial cells","Epithelial cells","Malignant cells","mBrain","NS_03","mBrain",0.0111602809819819,0.0394479866405817,0.949391732377436,0.000185647257542668,3.27452421352125e-05,0.999781607500322,0.000231803531900957,4.45336700385565e-05,0.999723662798061,4.01059288955032e-05,7.00258200560756e-06,0.999952891489099,4.73293552764929e-05,1.47920082343499e-05,0.999937878636489
"CACATTTTCCTAGTGA_NS_19","P3019","train","IV","IV","Advanced",1,"IV",2,"Myeloid cells","Myeloid cells","mo-Mac","mBrain","NS_19","mBrain",0.122703894046593,0.177609247464551,0.699686858488856,0.00263153601182104,0.0123372449665162,0.985031219021663,0.00245420476590858,0.0110285465962049,0.986517248637886,0.000583506020041644,0.00269097328794391,0.996725520692014,0.000498271396445747,0.00209094733013063,0.997410781273424
"GAACCTATCCTTCAAT_NS_04","P3004","train","IV","IV","Advanced",1,"IV",2,"Myeloid cells","Myeloid cells","mo-Mac","mBrain","NS_04","mBrain",0.393644736790588,0.0643692849464027,0.54198597826301,0.0203316838487801,0.000143824218793636,0.979524491932426,0.0173517728159607,0.000123444659155621,0.982524782524884,0.00448251281473909,3.15251347374999e-05,0.995485962050523,0.00442496784311314,2.87602370069032e-05,0.99554627191988
"TCACAAGTCTTCGAGA_NS_03","P3003","train","IV","IV","Advanced",1,"IV",2,"Epithelial cells","Epithelial cells","Malignant cells","mBrain","NS_03","mBrain",0.000609361890133525,0.00758022268574853,0.991810415424118,3.2415215463001e-07,1.20948293299229e-05,0.999987581018515,4.88711086648196e-07,1.90682903837684e-05,0.99998044299853,7.05822323790684e-08,2.59572641204004e-06,0.999997333691356,9.43851915430457e-08,6.96207375432605e-06,0.999992943541054
"CCTAGCTTCCTCCTAG_NS_17","P3017","train","IV","IV","Advanced",1,"IV",2,"Epithelial cells","Epithelial cells","Malignant cells","mBrain","NS_17","mBrain",0.000647675149214363,1.79913262806777e-07,0.999352144937523,3.8997332797046e-08,2.77669752315859e-11,0.9999999609749,4.54779005102756e-08,3.16919784005495e-11,0.999999954490408,8.32545576201243e-09,5.95897225562045e-12,0.999999991668585,1.33158985604975e-08,6.99805440000196e-12,0.999999986677103
"CGGAGTCGTAGGGACT_NS_17","P3017","train","IV","IV","Advanced",1,"IV",2,"Epithelial cells","Epithelial cells","Malignant cells","mBrain","NS_17","mBrain",0.0028798125331942,3.13283226822661e-06,0.997117054634538,2.26706315726076e-06,1.6616928785327e-09,0.99999773127515,2.67131521782471e-06,1.86812072742743e-09,0.999997326816661,4.85617150789674e-07,3.5755689715363e-10,0.999999514025292,6.99979980941875e-07,4.05357371960349e-10,0.999999299614662
"AGAATAGCAATCGAAA_NS_17","P3017","train","IV","IV","Advanced",1,"IV",2,"Myeloid cells","Myeloid cells","Microglia/Mac","mBrain","NS_17","mBrain",0.0862432734965011,0.0102044759769021,0.903552250526597,0.00831200081222132,0.000729988200119292,0.990958010987659,0.00832898108889989,0.000664606028775386,0.991006412882325,0.00178891043198048,0.000158350419158983,0.998052739148861,0.00175926775301091,0.000130127332338428,0.998110604914651
"ACGTCAAGTTCCATGA_NS_03","P3003","train","IV","IV","Advanced",1,"IV",2,"Epithelial cells","Epithelial cells","Malignant cells","mBrain","NS_03","mBrain",0.000924027992673978,0.00697336767876518,0.992102604328561,7.06643824060281e-07,6.94146108534015e-06,0.999992351895091,1.13486233839722e-06,1.09831260235127e-05,0.999987882011638,1.53584719954278e-07,1.49336214436512e-06,0.999998353053136,2.13876500007933e-07,4.37502764681161e-06,0.999995411095853
"CAGATCAGTAATCACC_NS_19","P3019","train","IV","IV","Advanced",1,"IV",2,"Myeloid cells","Myeloid cells","mo-Mac","mBrain","NS_19","mBrain",0.565854697613578,0.0984130981859185,0.335732204200504,0.733032426801797,0.00631916384857644,0.260648409349626,0.718899220128621,0.00541523910735159,0.275685540764027,0.37413282771389,0.00323356440636872,0.622633607879742,0.372862735199485,0.00267453404082066,0.624462730759694
"CAGCAGCTCTCTAGGA_NS_06","P3006","train","IV","IV","Advanced",1,"IV",2,"Oligodendrocytes",NA,NA,"mBrain","NS_06","mBrain",9.76452683521821e-05,0.0106267946056155,0.989275560126032,1.34996721685295e-08,0.0068936341458051,0.993106352354523,1.42221355706811e-08,0.00584362245221235,0.994156363325652,2.92327909847977e-09,0.00147269663348344,0.998527300443237,2.94575786037073e-09,0.000985180300279031,0.999014816753963
"TCGAGGCAGTGCTGCC_NS_13","P3013","train","IV","IV","Advanced",1,"IV",2,"B lymphocytes","B lymphocytes","Follicular B cells","mBrain","NS_13","mBrain",0.226252962388951,0.0325180954554768,0.741228942155572,0.227469611344832,0.00567519563773336,0.766855193017435,0.244985363170131,0.00573998317830602,0.749274653651563,0.0595618651261697,0.00148642343946535,0.938951711434365,0.060838438421468,0.00144293833634832,0.937718623242184
"GCTCCTAAGCGAAGGG_NS_06","P3006","train","IV","IV","Advanced",1,"IV",2,"Myeloid cells","Myeloid cells","CD163+CD14+ DCs","mBrain","NS_06","mBrain",0.14365283808141,0.168327757975914,0.688019403942676,0.0122891947567237,0.0352515276629805,0.952459277580296,0.0102396069364186,0.023701854556471,0.96605853850711,0.00277784704097306,0.00790553501142454,0.989316617947602,0.00253948812167844,0.00595903511164493,0.991501476766677
"ACTGCTCTCAATCTCT_NS_06","P3006","train","IV","IV","Advanced",1,"IV",2,"Myeloid cells","Myeloid cells","Undetermined","mBrain","NS_06","mBrain",0.131596426637944,0.177049622507649,0.691353950854407,0.0889131697281704,0.139720866266606,0.771365964005223,0.101967237966445,0.134797930437287,0.763234831596268,0.0229787123799971,0.0363217949982199,0.940699492621783,0.0253688835168577,0.032619922627319,0.942011193855823
"GTAACTGTCAATACCG_NS_19","P3019","train","IV","IV","Advanced",1,"IV",2,"Fibroblasts","Fibroblasts","FB-like cells","mBrain","NS_19","mBrain",0.0181372959067962,0.0575263666125555,0.924336337480648,2.65381715042225e-06,5.29783213759535e-05,0.999944367861474,1.73676802756282e-06,3.91355290595182e-05,0.999959127702913,5.71125029649588e-07,1.15848262842356e-05,0.999987844048686,3.95506548211211e-07,8.32196786044673e-06,0.999991282525591
"ATGGGAGCACATCCAA_NS_19","P3019","train","IV","IV","Advanced",1,"IV",2,"T lymphocytes","T/NK cells","CD8 low T","mBrain","NS_19","mBrain",0.0667606083938493,0.0121435759599032,0.921095815646247,0.000460370592244023,9.9160015475658e-07,0.999538637807601,0.000428322089590186,8.41098449590282e-07,0.99957083681196,9.94689434324833e-05,2.15548303177488e-07,0.999900315508264,9.58215619372115e-05,2.11903739756425e-07,0.999903966534323
"CGCCAAGTCTTCATGT_NS_13","P3013","train","IV","IV","Advanced",1,"IV",2,"MAST cells","MAST cells","MAST","mBrain","NS_13","mBrain",0.204315885791728,0.0268526365585112,0.768831477649761,0.0723331962229688,0.0109654187147271,0.916701385062304,0.0890962006185669,0.0126481454803044,0.898255653901129,0.0164978724949215,0.0025175735439347,0.980984553961144,0.0179604573280831,0.0027840878096831,0.979255454862234
"TAGAGCTAGCTGATAA_NS_16","P3016","train","IIIA","III","Advanced",1,"II_III",1,"B lymphocytes","B lymphocytes","MALT B cells","mBrain","NS_16","mBrain",0.163518764263599,0.446021830534017,0.390459405202384,0.055501376991587,0.558736278264545,0.385762344743868,0.0539878869291408,0.562026294231171,0.383985818839689,0.0182539933700373,0.855084629013791,0.126661377616172,0.0177506098257282,0.856394421120604,0.125854969053668
"GTACTCCTCTTTACGT_NS_16","P3016","train","IIIA","III","Advanced",1,"II_III",1,"T lymphocytes","T/NK cells","CD8+/CD4+ Mixed Th","mBrain","NS_16","mBrain",0.532786763449428,0.359281912538707,0.107931324011866,0.745518880527135,0.163474632592333,0.0910064868805318,0.74835596817436,0.158854520768709,0.0927895110569307,0.465756250041387,0.477517268866748,0.0567264810918645,0.478111269646225,0.461879281464823,0.0600094488889527
"TACCTTATCTACCTGC_NS_13","P3013","train","IV","IV","Advanced",1,"IV",2,"MAST cells","MAST cells","MAST","mBrain","NS_13","mBrain",0.0674879026223037,0.014493006892706,0.91801909048499,0.0456269068064598,0.000652421121949081,0.953720672071591,0.0529161727742931,0.000702019838406025,0.946381807387301,0.0100696742170659,0.000145292880119406,0.989785032902815,0.0104685712945464,0.000176166915060219,0.989355261790393
"TCTTTCCTCCCTAACC_NS_17","P3017","train","IV","IV","Advanced",1,"IV",2,"Myeloid cells","Myeloid cells","Microglia/Mac","mBrain","NS_17","mBrain",0.0216561877119587,0.00253394640541344,0.975809865882628,0.000189711795531198,2.79039946271063e-05,0.999782384209842,0.000169956471054516,1.98811171958872e-05,0.99981016241175,4.12039648835802e-05,6.05315488673586e-06,0.99995274288023,4.13491538998087e-05,4.61047726242856e-06,0.999954040368838
"ACACTGAAGAATCTCC_NS_17","P3017","train","IV","IV","Advanced",1,"IV",2,"Epithelial cells","Epithelial cells","Malignant cells","mBrain","NS_17","mBrain",0.000130527540556164,3.4584860422385e-08,0.999869437874583,1.23073410839493e-08,1.80323651974219e-11,0.999999987674627,1.56792816863606e-08,2.23149775829698e-11,0.999999984298403,2.61218109044606e-09,3.87509031025257e-12,0.999999997383944,4.45162957909976e-09,4.76595585797626e-12,0.999999995543605
"CCGGTAGAGGCAAAGA_NS_06","P3006","train","IV","IV","Advanced",1,"IV",2,"Myeloid cells","Myeloid cells","Undetermined","mBrain","NS_06","mBrain",0.0280500902720792,0.0311281200326889,0.940821789695232,0.000608813523490053,0.00084339770917133,0.998547788767339,0.000633919582029347,0.000846835141390464,0.99851924527658,0.000129727314230986,0.000180499005706547,0.999689773680063,0.000133977545081333,0.000174215101437867,0.999691807353481
"GACGGCTTCCACGCAG_NS_13","P3013","train","IV","IV","Advanced",1,"IV",2,"T lymphocytes",NA,NA,"mBrain","NS_13","mBrain",0.701953177631319,0.139641042294592,0.158405780074089,0.912748942491545,0.0359571059322817,0.0512939515761733,0.913099186791132,0.0342660056294702,0.0526348075793982,0.767337864982716,0.0303243253804162,0.202337809636867,0.763350637261404,0.0269282881727836,0.209721074565813
"TTAACTCCAGCTGTGC_NS_19","P3019","train","IV","IV","Advanced",1,"IV",2,"Myeloid cells","Myeloid cells","mo-Mac","mBrain","NS_19","mBrain",0.0840085262834122,0.0626540632303909,0.853337410486197,0.000383730047424628,0.000326390480330916,0.999289879472244,0.000356657364450187,0.000289424397726373,0.999353918237823,8.38933173228442e-05,7.05411055415721e-05,0.999845565577136,7.53773201451889e-05,5.75107228275031e-05,0.999867111957027
"CAGCTGGCACATTCGA_NS_04","P3004","train","IV","IV","Advanced",1,"IV",2,"Myeloid cells","Myeloid cells","mo-Mac","mBrain","NS_04","mBrain",0.0191430201752205,0.0175934815279998,0.96326349829678,0.00015431525959765,8.08649859455698e-05,0.999764819754457,0.000160894742035184,7.21710866296859e-05,0.999766934171335,3.30028141714034e-05,1.72581667314834e-05,0.999949739019097,3.63443755105836e-05,1.52322347898525e-05,0.9999484233897
"TGCGTGGAGACGCAAC_NS_04","P3004","train","IV","IV","Advanced",1,"IV",2,"Epithelial cells","Epithelial cells","Malignant cells","mBrain","NS_04","mBrain",0.0389201661534979,1.69485797471744e-05,0.961062885266755,0.000122251673309688,6.43267034363465e-07,0.999877105059656,0.000135052241316324,8.07804581003606e-07,0.999864139954103,2.62322774571514e-05,1.35464226115013e-07,0.999973632258317,3.90037325127818e-05,1.29138803537957e-07,0.999960867128684
"AACTCAGCAGTAAGCG_NS_04","P3004","train","IV","IV","Advanced",1,"IV",2,"Epithelial cells","Epithelial cells","Malignant cells","mBrain","NS_04","mBrain",0.192416084262444,0.000331347449488643,0.807252568288067,0.000984219057679529,3.49111992739436e-06,0.999012289822393,0.000976020621128021,3.94081889198358e-06,0.99902003855998,0.000213037955594461,7.37061790651726e-07,0.999786224982615,0.000281988423664487,7.12751675056753e-07,0.999717298824661
"GCAAACTGTCAGAATA_NS_19","P3019","train","IV","IV","Advanced",1,"IV",2,"Myeloid cells","Myeloid cells","mo-Mac","mBrain","NS_19","mBrain",0.0328315889721698,0.102622118015506,0.864546293012324,0.000354509046780434,0.010746236873911,0.988899254079309,0.000335301368001183,0.0085347887586872,0.991129909873312,7.63636445566023e-05,0.00231274656935902,0.997610889786084,7.37684200124892e-05,0.00167663515811151,0.998249596421876
"GGAACTTCAAGTACCT_NS_17","P3017","train","IV","IV","Advanced",1,"IV",2,"T lymphocytes","T/NK cells","Exhausted CD8+ T","mBrain","NS_17","mBrain",0.03343264616892,0.000528728322740857,0.966038625508339,0.000658315071363501,8.12702226760768e-07,0.99934087222641,0.000704233219712245,7.35373381485699e-07,0.999295031406906,0.000141068347770894,1.74837961360447e-07,0.999858756814268,0.000159283972450966,1.72151131212181e-07,0.999840543876418
"TTCTCAAGTCGCTTCT_NS_04","P3004","train","IV","IV","Advanced",1,"IV",2,"Epithelial cells","Epithelial cells","Malignant cells","mBrain","NS_04","mBrain",0.393352011115436,0.00823945254661915,0.598408536337944,0.0039540969852737,0.000316726803244953,0.995729176211481,0.00399125966265983,0.00036687141674182,0.995641868920598,0.000858399166440419,6.76092147064272e-05,0.999073991618853,0.000945540022476646,7.8691729071113e-05,0.998975768248452
"TGCACCTTCAGAAATG_NS_13","P3013","train","IV","IV","Advanced",1,"IV",2,"T lymphocytes","T/NK cells","Undetermined","mBrain","NS_13","mBrain",0.606722349554177,0.0703709476648618,0.322906702780961,0.846192517336603,0.00103674415089412,0.152770738512503,0.847433774798568,0.00104686681855465,0.151519358382878,0.541869248703288,0.000668911839511994,0.4574618394572,0.548466939220221,0.000654097952277444,0.450878962827502
"CCTACCAAGCCGGTAA_NS_03","P3003","train","IV","IV","Advanced",1,"IV",2,"Epithelial cells","Epithelial cells","Malignant cells","mBrain","NS_03","mBrain",0.0050272720717655,0.0690696180041605,0.925903109924074,2.40350210386088e-05,8.48015585646162e-05,0.999891163420397,3.69187030649509e-05,0.000123695876914692,0.99983938542002,5.21565947649935e-06,1.81723130325749e-05,0.999976612027491,7.37124168105739e-06,4.46064407706586e-05,0.999948022317548
"CGAGCCACACCAGCAC_NS_03","P3003","train","IV","IV","Advanced",1,"IV",2,"Epithelial cells","Epithelial cells","Malignant cells","mBrain","NS_03","mBrain",0.00350778150603499,0.0133825572295759,0.983109661264389,3.72951541524961e-06,3.00061842302768e-06,0.999993269866162,5.17326006252277e-06,4.89885981035386e-06,0.999989927880127,8.12605446698013e-07,6.43205355267748e-07,0.999998544189198,1.03132300966513e-06,1.8465598174752e-06,0.999997122117173
"CATGCCTCAATGGTCT_NS_13","P3013","train","IV","IV","Advanced",1,"IV",2,"B lymphocytes","B lymphocytes","Follicular B cells","mBrain","NS_13","mBrain",0.790731298852409,0.0688571329261993,0.140411568221391,0.989289756816229,0.000727370757907235,0.00998287242586385,0.989898925359755,0.000665855370352672,0.00943521926989197,0.953929758059943,0.000708352233642421,0.0453618897064141,0.952544268512725,0.000752751027308561,0.0467029804599667
"GGGATGACAAAGCAAT_NS_03","P3003","train","IV","IV","Advanced",1,"IV",2,"Epithelial cells","Epithelial cells","Malignant cells","mBrain","NS_03","mBrain",0.0080103593012918,0.0118640633800485,0.98012557731866,0.000109037022193818,8.29434294470892e-05,0.999808019548359,0.000138366537544496,0.00010784308348751,0.999753790378968,2.33970256945185e-05,1.7725622928837e-05,0.999958877351377,2.8606748608542e-05,2.84203202147815e-05,0.999942972931177
"ATAAGAGCATGTAAGA_NS_13","P3013","train","IV","IV","Advanced",1,"IV",2,"B lymphocytes","B lymphocytes","Plasma cells","mBrain","NS_13","mBrain",0.377867226836332,0.214976885443036,0.407155887720631,0.355713452117489,0.104880927036189,0.539405620846321,0.371096090168864,0.11072963941229,0.518174270418846,0.119369432621853,0.0352154121747547,0.845415155203392,0.123204369243976,0.0368549290106911,0.839940701745333
"CTGATAGTCGAACGGA_NS_19","P3019","train","IV","IV","Advanced",1,"IV",2,"Myeloid cells","Myeloid cells","CD1c+ DCs","mBrain","NS_19","mBrain",0.0621741249225455,0.0157700203554711,0.922055854721983,0.000179480954961874,6.68180892765789e-07,0.999819850864145,0.00017191277868013,6.33051024254376e-07,0.999827454170296,3.80849567075372e-05,1.431249347396e-07,0.999961771918358,3.65872820393007e-05,1.50161480070757e-07,0.999963262556481
"GACGCGTCAGATAATG_NS_03","P3003","train","IV","IV","Advanced",1,"IV",2,"Epithelial cells","Epithelial cells","Malignant cells","mBrain","NS_03","mBrain",0.00237252143962221,0.00883371302176167,0.988793765538616,4.72403097082938e-06,7.02061334762128e-06,0.999988255355682,6.63882452749773e-06,1.08697677332508e-05,0.999982491407739,1.02370163731424e-06,1.50560303780323e-06,0.999997470695325,1.45402778623845e-06,3.81427483822047e-06,0.999994731697376
"TACTTACGTCTAAAGA_NS_17","P3017","train","IV","IV","Advanced",1,"IV",2,"Epithelial cells","Epithelial cells","Malignant cells","mBrain","NS_17","mBrain",0.00142149226996342,2.43343019488541e-05,0.998554173428088,5.4569402460434e-06,7.91312568928587e-08,0.999994463928497,6.44952881192981e-06,8.36100056049905e-08,0.999993466861183,1.15035459569411e-06,1.69499240880915e-08,0.99999883269548,1.53437604589828e-06,1.85101465803577e-08,0.999998447113807
"ACGGAGAGTTACAGAA_NS_03","P3003","train","IV","IV","Advanced",1,"IV",2,"Epithelial cells","Epithelial cells","Malignant cells","mBrain","NS_03","mBrain",0.00203572426950312,0.0125775578259892,0.985386717904508,2.07628220559975e-06,1.98417031557294e-05,0.999978082014639,3.3228235197911e-06,3.18566068542527e-05,0.999964820569626,4.49731174168186e-07,4.24976729687477e-06,0.999995300501529,6.57201198562791e-07,1.13094474604054e-05,0.999988033351341
"GGCGTGTCACACCGAC_NS_19","P3019","train","IV","IV","Advanced",1,"IV",2,"Myeloid cells","Myeloid cells","mo-Mac","mBrain","NS_19","mBrain",0.0855588387296555,0.0406539827448318,0.873787178525513,0.000218816138990692,6.74576555381212e-05,0.999713726205471,0.000205589017099155,6.10784263498104e-05,0.999733332556551,4.81518422868454e-05,1.46004916032077e-05,0.99993724766611,4.50385940939227e-05,1.28248031233149e-05,0.999942136602783
"TCGCGAGGTGTCTGAT_NS_17","P3017","train","IV","IV","Advanced",1,"IV",2,"T lymphocytes",NA,NA,"mBrain","NS_17","mBrain",0.035328170614579,0.00477980335098963,0.959892026034431,0.00184928246514271,4.71375238558044e-05,0.998103580011002,0.00191767474027526,4.40661791245821e-05,0.9980382590806,0.000397864573417209,1.01649323133446e-05,0.99959197049427,0.000431292817164775,1.03655175500693e-05,0.999558341665285
"CCATGTCCAGTCAGAG_NS_03","P3003","train","IV","IV","Advanced",1,"IV",2,"Myeloid cells","Myeloid cells","Monocytes","mBrain","NS_03","mBrain",0.138266083581893,0.119353728342451,0.742380188075656,0.0145145227711247,0.00861891895526079,0.976866558273615,0.0140715062020575,0.0083221506275748,0.977606343170368,0.00325775307464385,0.00190782371613544,0.994834423209221,0.00306302700769411,0.00207551673534373,0.994861456256962
"AGTCTTTTCAGATAAG_NS_04","P3004","train","IV","IV","Advanced",1,"IV",2,"Epithelial cells","Epithelial cells","Malignant cells","mBrain","NS_04","mBrain",0.156177240004863,0.0019504197097636,0.841872340285373,0.000501255288741238,7.74386410512651e-05,0.999421306070208,0.000419465833365209,7.21338936007837e-05,0.999508400273034,0.000108851120221946,1.64289888509826e-05,0.999874719890927,0.000118556053030429,1.28616737268739e-05,0.999868582273243
"ATTGGTGAGCGGCTTC_NS_17","P3017","train","IV","IV","Advanced",1,"IV",2,"Epithelial cells","Epithelial cells","Malignant cells","mBrain","NS_17","mBrain",0.00168505629680908,1.76606431255512e-05,0.998297283060065,5.35308166938502e-06,4.20474307000168e-08,0.9999946048709,5.79982469765465e-06,4.54087832198956e-08,0.999994154766519,1.13897324299253e-06,9.05699322365114e-09,0.999998851969764,1.43011711661271e-06,9.5750210759728e-09,0.999998560307862
"CGTTCTGAGAGCTGCA_NS_02","P3002","train","IV","IV","Advanced",1,"IV",2,"Myeloid cells","Myeloid cells","mo-Mac","mBrain","NS_02","mBrain",0.000921634315925245,0.00238165515353763,0.996696710530537,3.34959338093345e-08,2.83205096130888e-07,0.99999968329897,2.88977694982206e-08,2.84105521136391e-07,0.999999686996709,7.35130364798047e-09,6.08589019834764e-08,0.999999931789794,5.92663811725344e-09,4.74807129298397e-08,0.999999946592649
"TCTCTAAAGGGATACC_NS_02","P3002","train","IV","IV","Advanced",1,"IV",2,"Myeloid cells","Myeloid cells","mo-Mac","mBrain","NS_02","mBrain",0.032057752503716,0.0187412865048187,0.949200960991465,1.74449694991912e-05,5.63707405448027e-06,0.999976917956446,1.52902297496722e-05,4.47049372174511e-06,0.999980239276529,3.82228283241183e-06,1.22346322610995e-06,0.999994954253942,3.40315352014673e-06,9.19407274968209e-07,0.999995677439205
"CTGCTGTAGTCGCCGT_NS_03","P3003","train","IV","IV","Advanced",1,"IV",2,"Epithelial cells","Epithelial cells","Malignant cells","mBrain","NS_03","mBrain",0.00279421768457137,0.0159229500991199,0.981282832216309,6.50088245416571e-06,1.15038480970458e-05,0.999981995269449,9.19190171973561e-06,1.7854981296034e-05,0.999972953116984,1.41010768652871e-06,2.45374865818113e-06,0.999996136143655,1.95895831675414e-06,6.01541498974236e-06,0.999992025626693
"ACGCCAGTCGCTTGTC_NS_16","P3016","train","IIIA","III","Advanced",1,"II_III",1,"Myeloid cells","Myeloid cells","mo-Mac","mBrain","NS_16","mBrain",0.0241907593033143,0.296121501440876,0.67968773925581,0.000118605186253683,0.0309536410405747,0.968927753773172,0.000111227281390085,0.0257379762601283,0.974150796458482,0.000107947036941437,0.13039534061731,0.869496712345749,0.000107169783404856,0.103435810801225,0.89645701941537
"CCATTCGGTGTTGAGG_NS_13","P3013","train","IV","IV","Advanced",1,"IV",2,"MAST cells","MAST cells","MAST","mBrain","NS_13","mBrain",0.0489693763344079,0.0188919626876861,0.932138660977906,0.0396802308403052,0.00821088006976513,0.95210888908993,0.0492439224222977,0.00949492313627002,0.941261154441432,0.00873896730361598,0.00182953959750626,0.989431493098878,0.00913261807041424,0.00217456178655882,0.988692820143027
"CAACTAGAGGGTGTGT_NS_02","P3002","train","IV","IV","Advanced",1,"IV",2,"Myeloid cells","Myeloid cells","mo-Mac","mBrain","NS_02","mBrain",0.00145845089605432,0.00517961602013905,0.993361933083807,1.13329390576475e-07,4.76522453407395e-07,0.999999410148156,1.12304012278677e-07,4.07187398763723e-07,0.999999480508589,2.42340150836739e-08,1.01415091031514e-07,0.999999874350894,2.63146559072391e-08,7.64207798390815e-08,0.999999897264564
"GGGATGACACATCTTT_NS_19","P3019","train","IV","IV","Advanced",1,"IV",2,"Myeloid cells","Myeloid cells","mo-Mac","mBrain","NS_19","mBrain",0.000451282589412919,0.000269941064615453,0.999278776345972,2.72594059412457e-10,4.27571875130543e-12,0.99999999972313,2.59209869461338e-10,5.38428850184307e-12,0.999999999735406,5.86736006853822e-11,1.42857142888281e-12,0.999999999939898,6.25778171158273e-11,1.42857142890387e-12,0.999999999935994
"TGACAACAGTGGGTTG_NS_03","P3003","train","IV","IV","Advanced",1,"IV",2,"Epithelial cells","Epithelial cells","Malignant cells","mBrain","NS_03","mBrain",0.00329953963696516,0.0654961807587065,0.931204279604328,6.57003267756667e-06,5.55919429066572e-05,0.999937838024416,9.79376084766731e-06,8.57534055472894e-05,0.999904452833605,1.42778815577851e-06,1.18370449577135e-05,0.999986735166887,1.89515584310081e-06,3.07925611600886e-05,0.999967312282997
