"Cell","Patient","split","Stage","Stage_broad","Stage_group","z_obs","Stage_cat","y_cat","Cell_type","Cell_type.refined","Cell_subtype","Tissue","Sample","Sample_Origin","naive_prob_I","naive_prob_II_III","naive_prob_IV","cat_em_prob_I","cat_em_prob_II_III","cat_em_prob_IV","cat_mcem_prob_I","cat_mcem_prob_II_III","cat_mcem_prob_IV","cat_em_soft_label_I","cat_em_soft_label_II_III","cat_em_soft_label_IV","cat_mcem_soft_label_I","cat_mcem_soft_label_II_III","cat_mcem_soft_label_IV"
"CTAATGGGTGAAATCA_NS_03","P3003","train","IV","IV","Advanced",1,"IV",2,"Epithelial cells","Epithelial cells","Malignant cells","mBrain","NS_03","mBrain",0.0045474788906983,0.00865620600447571,0.986796315104826,1.45797251162492e-06,5.07297297478678e-06,0.999993469054514,2.97896378966163e-06,7.11710018744558e-06,0.999989903936023,3.11135494235942e-07,1.08671107843853e-06,0.999998602153427,5.52116590303273e-07,1.06599770374254e-06,0.999998381885706
"CTAATGGGTATAAACG_NS_13","P3013","train","IV","IV","Advanced",1,"IV",2,"MAST cells","MAST cells","MAST","mBrain","NS_13","mBrain",0.102189230147633,0.0921677061115354,0.805643063740832,0.0203373840233238,0.0027380977028374,0.976924518273839,0.0171534279284249,0.00275663129303794,0.980089940778537,0.00444936312959684,0.000601057288870944,0.994949579581532,0.00437592572961362,0.000628814189955781,0.994995260080431
"CGTCACTGTCTTGTCC_NS_03","P3003","train","IV","IV","Advanced",1,"IV",2,"Epithelial cells","Epithelial cells","Malignant cells","mBrain","NS_03","mBrain",0.0212948677833705,0.0435919111704274,0.935113221046202,0.000376255327196114,0.000604774879958219,0.999018969792846,0.000949589870358534,0.000972460773029771,0.998077949356612,8.05419234450988e-05,0.000129824824932715,0.999789633251622,0.000158198096311701,0.000133313923204384,0.999708487980484
"CAGTCCTCATCATCCC_NS_02","P3002","train","IV","IV","Advanced",1,"IV",2,"Epithelial cells","Epithelial cells","Malignant cells","mBrain","NS_02","mBrain",0.0488396484557028,0.00755899501114814,0.943601356533149,9.99999999998558e-13,9.99999999998558e-13,0.999999999998,9.99999999998398e-13,9.99999999998398e-13,0.999999999998,1.4285714285702e-12,1.4285714285702e-12,0.999999999997143,1.4285714285702e-12,1.4285714285702e-12,0.999999999997143
"CTCGAGGAGCCACGCT_NS_17","P3017","train","IV","IV","Advanced",1,"IV",2,"Myeloid cells","Myeloid cells","Microglia/Mac","mBrain","NS_17","mBrain",0.0360181847365076,0.000639180067542744,0.96334263519595,0.000993307968805944,0.000260339350792828,0.998746352680401,0.000828819116564689,0.000225658773068714,0.998945522110367,0.000213774635195998,5.54250526137655e-05,0.99973080031219,0.000197861096908376,5.33229032827498e-05,0.999748815999809
"TGACAACGTTCACCTC_NS_03","P3003","train","IV","IV","Advanced",1,"IV",2,"Epithelial cells","Epithelial cells",NA,"mBrain","NS_03","mBrain",0.0896093057908648,0.0870791926478927,0.823311501561242,0.00759257511825155,0.00320782787745041,0.989199597004298,0.0131758347630345,0.00428906549144732,0.982535099745518,0.00164005311662347,0.000695210781627296,0.997664736101749,0.00243272530995907,0.000731382715939429,0.996835891974101
"GCGACCAAGAGCTGCA_NS_02","P3002","train","IV","IV","Advanced",1,"IV",2,"Myeloid cells","Myeloid cells","mo-Mac","mBrain","NS_02","mBrain",0.162568712338426,0.137062925344222,0.700368362317353,9.34950778352707e-05,8.23741458601e-05,0.999824130776305,6.76253021584696e-05,7.04744017660177e-05,0.999861900296075,2.05616859845619e-05,1.78529474218523e-05,0.999961585366594,1.47518884454517e-05,1.47268393264275e-05,0.999970521272228
"AGGCCGTGTTGGTTTG_NS_16","P3016","train","IIIA","III","Advanced",1,"II_III",1,"Oligodendrocytes",NA,NA,"mBrain","NS_16","mBrain",1.25683475404735e-05,0.415248052825581,0.584739378826879,0.00117457231777592,0.328954729262369,0.669870698419855,0.00132397408813916,0.316729326672809,0.681946699239051,0.000535561842554055,0.695582741990157,0.303881696167289,0.000471260069826691,0.680096922822544,0.319431817107629
"AAAGTAGAGAATTCCC_NS_17","P3017","train","IV","IV","Advanced",1,"IV",2,"Myeloid cells","Myeloid cells","Microglia/Mac","mBrain","NS_17","mBrain",0.0362701949953215,0.00156475455465594,0.962165050450023,5.36157827602949e-05,1.47764830372846e-05,0.999931607734202,3.56395509416002e-05,1.08740742927395e-05,0.999953486374766,1.17799645634648e-05,3.2423883087621e-06,0.999984977647128,8.43559591357001e-06,2.35906003259357e-06,0.999989205344054
"ATCATGGGTTGTGGAG_NS_03","P3003","train","IV","IV","Advanced",1,"IV",2,"Epithelial cells","Epithelial cells","Malignant cells","mBrain","NS_03","mBrain",0.0391406772244273,0.0809619275726823,0.87989739520289,0.0017734736927232,0.00348102598862116,0.994745500318656,0.00316202375992399,0.00451412918045841,0.992323847059618,0.000381253942432394,0.000752206242833714,0.998866539814734,0.000604861515122872,0.000713112526418465,0.998682025958459
"AGAGCGAAGGTGTGGT_NS_02","P3002","train","IV","IV","Advanced",1,"IV",2,"Myeloid cells","Myeloid cells","mo-Mac","mBrain","NS_02","mBrain",0.327411253451858,0.130747672660413,0.54184107388773,0.000269038200667203,1.92715862279476e-05,0.999711690213105,0.000162481970728689,1.46797628252437e-05,0.999822838266446,5.97993228000629e-05,4.23998261177724e-06,0.999935960694588,3.55498130799898e-05,2.88020382929491e-06,0.999961569983091
"GCATGATGTGAGGGTT_NS_13","P3013","train","IV","IV","Advanced",1,"IV",2,"T lymphocytes","T/NK cells","Undetermined","mBrain","NS_13","mBrain",0.159344809432646,0.0614193877522008,0.779235802815153,0.0648747229365768,0.00215073753931657,0.932974539524107,0.0541004181212239,0.00170362027874901,0.944195961600027,0.0146625722874978,0.000488481102960347,0.984848946609542,0.0130690661798947,0.000415723664291936,0.986515210155813
"GACTAACGTTTGGGCC_NS_02","P3002","train","IV","IV","Advanced",1,"IV",2,"T lymphocytes","T/NK cells","CD4+ Th","mBrain","NS_02","mBrain",0.359909699769955,0.0824517804742199,0.557638519755825,0.0941512581323645,0.000450115255528313,0.905398626612107,0.0809838814142779,0.000429176642448563,0.918586941943274,0.0219548219147492,0.000106690575737761,0.977938487509513,0.019289060009506,0.000109380827188795,0.980601559163305
"CGTTAGATCGCCATAA_NS_16","P3016","train","IIIA","III","Advanced",1,"II_III",1,"NK cells","T/NK cells","NK","mBrain","NS_16","mBrain",0.307119440977474,0.6337568557862,0.059123703236326,0.200546952087924,0.797222139501836,0.00223090841024002,0.21313212887675,0.78409939057742,0.00276848054583051,0.0512793364316011,0.948150343296143,0.000570320272256205,0.0571160086371079,0.9421473394485,0.000736651914391922
"GTAACTGGTTCTCATT_NS_16","P3016","train","IIIA","III","Advanced",1,"II_III",1,"B lymphocytes","B lymphocytes","MALT B cells","mBrain","NS_16","mBrain",0.642488006309755,0.309286441066294,0.0482255526239512,0.645413104782511,0.348982536925535,0.00560435829195404,0.675006454605629,0.31976816015214,0.00522538524223142,0.283345631789094,0.714193216506455,0.002461151704451,0.294175391780256,0.703332659230516,0.00249194898922842
"GACTACACACCGCTAG_NS_03","P3003","train","IV","IV","Advanced",1,"IV",2,"Epithelial cells","Epithelial cells","Malignant cells","mBrain","NS_03","mBrain",0.00512099178663138,0.0205237527151747,0.974355255498194,1.62667083846726e-05,3.93219854791424e-05,0.999944411306136,4.65064978540361e-05,7.02419151571086e-05,0.999883251586989,3.4751163685028e-06,8.43214458051762e-06,0.999988092739051,7.57238634734519e-06,8.93423301768304e-06,0.999983493380635
"GTCGGGTCAAAGGAAG_NS_19","P3019","train","IV","IV","Advanced",1,"IV",2,"Myeloid cells","Myeloid cells","mo-Mac","mBrain","NS_19","mBrain",0.0825365253504178,0.0884942857854712,0.828969188864111,2.14522181187639e-06,3.14023247301492e-06,0.999994714545715,1.63177459787486e-06,2.26507944906262e-06,0.999996103145953,4.69608626737212e-07,6.88973137086693e-07,0.999998841418236,3.87294360510188e-07,5.34206176143292e-07,0.999999078499463
"GGCCGATTCACGATGT_NS_19","P3019","train","IV","IV","Advanced",1,"IV",2,"Myeloid cells","Myeloid cells","mo-Mac","mBrain","NS_19","mBrain",0.0408292448599143,0.0937072336729321,0.865463521467154,1.40590509901848e-05,4.64457931402938e-06,0.999981296369696,9.39267939178408e-06,3.35529067336134e-06,0.999987252029935,3.13701871856015e-06,1.03501245554096e-06,0.999995827968826,2.05238036402032e-06,6.66965014573162e-07,0.999997280654621
"GATCAGTAGCATCATC_NS_02","P3002","train","IV","IV","Advanced",1,"IV",2,"Myeloid cells","Myeloid cells","mo-Mac","mBrain","NS_02","mBrain",0.00171389040338036,0.00654125719227834,0.991744852404341,2.51516486943308e-11,1.58135333314084e-11,0.999999999959035,1.18997314090497e-11,1.02671956513798e-11,0.999999999977833,5.74719403750432e-12,3.55617111127012e-12,0.999999999990697,2.66406001363556e-12,2.00076877172624e-12,0.999999999995335
"GCGCGATTCTAACTTC_NS_04","P3004","train","IV","IV","Advanced",1,"IV",2,"Epithelial cells","Epithelial cells","Malignant cells","mBrain","NS_04","mBrain",0.359803686522044,0.00723705252114035,0.632959260956815,9.99999999998e-13,9.99999999998e-13,0.999999999998,9.99999999998e-13,9.99999999998e-13,0.999999999998,1.4285714285702e-12,1.4285714285702e-12,0.999999999997143,1.4285714285702e-12,1.4285714285702e-12,0.999999999997143
"GGGAGATTCTTCGGTC_NS_19","P3019","train","IV","IV","Advanced",1,"IV",2,"Myeloid cells","Myeloid cells","mo-Mac","mBrain","NS_19","mBrain",0.0736849555545176,0.0533241612774901,0.872990883167992,3.47329196374609e-08,7.85416320568591e-09,0.999999957412917,1.97079866150635e-08,5.39593455389129e-09,0.999999974896079,7.83347021289347e-09,1.75178528314488e-09,0.999999990414745,3.93421823333182e-09,1.04302697162912e-09,0.999999995022755
"TTCTTAGTCAGCCTAA_NS_02","P3002","train","IV","IV","Advanced",1,"IV",2,"T lymphocytes","T/NK cells","Treg","mBrain","NS_02","mBrain",0.419349806942632,0.450576452433722,0.130073740623646,0.460757743611205,0.509451162910676,0.0297910934781188,0.420875259975337,0.551131118189621,0.027993621835042,0.415216739673665,0.458894905016676,0.125888355309659,0.405352399359895,0.466385649365443,0.128261951274662
"AGTCTTTGTGAAAGAG_NS_04","P3004","train","IV","IV","Advanced",1,"IV",2,"T lymphocytes","T/NK cells","Exhausted CD8+ T","mBrain","NS_04","mBrain",0.32489303691975,0.563613406104184,0.111493556976067,0.0578333061110825,0.212265519394214,0.729901174494704,0.0473205115546357,0.171976028872128,0.780703459573237,0.0156832145369083,0.058250192829791,0.926066592633301,0.0153648406305495,0.0491248389962507,0.9355103203732
"CTACATTCACTTGGAT_NS_19","P3019","train","IV","IV","Advanced",1,"IV",2,"B lymphocytes","B lymphocytes","Plasma cells","mBrain","NS_19","mBrain",0.388658860833255,0.193635355691297,0.417705783475448,0.00408756719965268,0.00323394161445027,0.992678491185897,0.00403721702662858,0.00301024232505953,0.992952540648312,0.000882716646018141,0.000699003387246555,0.998418279966735,0.000927043746224963,0.000727879552653557,0.998345076701121
"GGATTACTCGCCCTTA_NS_17","P3017","train","IV","IV","Advanced",1,"IV",2,"Fibroblasts","Fibroblasts","Pericytes","mBrain","NS_17","mBrain",0.106561286535092,0.11014240175729,0.783296311707618,0.28114038192615,0.301753208681455,0.417106409392395,0.26914167218741,0.293437697143758,0.437420630668832,0.111306098455565,0.119404317976606,0.769289583567829,0.0984847454887743,0.10658763011074,0.794927624400486
"ATCATCTAGGGATCTG_NS_17","P3017","train","IV","IV","Advanced",1,"IV",2,"Epithelial cells","Epithelial cells","Malignant cells","mBrain","NS_17","mBrain",0.00141036796403109,7.08878331052355e-07,0.998588923157638,6.65578279302097e-06,6.62561144386666e-07,0.999992681656063,4.84999056532988e-06,4.97983191435635e-07,0.999994652026243,1.42493164328004e-06,1.42357465308546e-07,0.999998432710891,1.44682168097872e-06,1.29225889249922e-07,0.99999842395243
"CTGCCTACACGGTAAG_NS_19","P3019","train","IV","IV","Advanced",1,"IV",2,"Epithelial cells","Epithelial cells","Malignant cells","mBrain","NS_19","mBrain",0.162617285003495,0.00379356372727553,0.833589151269229,9.99999999998e-13,9.99999999998e-13,0.999999999998,9.99999999998e-13,9.99999999998e-13,0.999999999998,1.4285714285702e-12,1.4285714285702e-12,0.999999999997143,1.4285714285702e-12,1.4285714285702e-12,0.999999999997143
"TTGGCAATCGAATGCT_NS_19","P3019","train","IV","IV","Advanced",1,"IV",2,"Epithelial cells","Epithelial cells","Malignant cells","mBrain","NS_19","mBrain",0.0552654011305312,0.000295247994048572,0.94443935087542,9.99999999998e-13,9.99999999998e-13,0.999999999998,9.99999999998e-13,9.99999999998e-13,0.999999999998,1.4285714285702e-12,1.4285714285702e-12,0.999999999997143,1.4285714285702e-12,1.4285714285702e-12,0.999999999997143
"CAGAATCCACATGACT_NS_04","P3004","train","IV","IV","Advanced",1,"IV",2,"Myeloid cells","Myeloid cells","mo-Mac","mBrain","NS_04","mBrain",0.527448798982742,0.0931170064040606,0.379434194613198,0.0222124572965512,0.00134259910646129,0.976444943596988,0.0206343583366662,0.00140308114209998,0.977962560521234,0.00490346913390219,0.000288243822505373,0.994808287043592,0.00448651654749591,0.000332810527226035,0.995180672925278
"TGAGGGATCAGCACAT_NS_02","P3002","train","IV","IV","Advanced",1,"IV",2,"Oligodendrocytes",NA,NA,"mBrain","NS_02","mBrain",5.45934679320805e-07,0.440806508986139,0.559192945079182,0.000181389383526442,0.311190534834732,0.688628075781741,0.000190550560548841,0.298987837008929,0.700821612430523,5.17354659003814e-05,0.0881527872354917,0.911795477298608,3.76841505999835e-05,0.0781843101388951,0.921778005710505
"TCCACACTCAGCCTAA_NS_19","P3019","train","IV","IV","Advanced",1,"IV",2,"Fibroblasts","Endothelial cells","Tumor ECs","mBrain","NS_19","mBrain",0.405176570560653,0.0139241372759792,0.580899292163367,4.8287013686417e-12,9.99999999999085e-13,0.999999999994171,2.9432901010166e-12,9.99999999999055e-13,0.999999999996057,1.42857142857563e-12,1.42857142857563e-12,0.999999999997143,1.42857142857783e-12,1.42857142857783e-12,0.999999999997143
"CACATTTTCGGCGGTT_NS_13","P3013","train","IV","IV","Advanced",1,"IV",2,"Epithelial cells","Epithelial cells","Malignant cells","mBrain","NS_13","mBrain",1.34912757561563e-07,3.02005014116062e-07,0.999999563082228,9.99999999998e-13,9.99999999998e-13,0.999999999998,9.99999999998e-13,9.99999999998e-13,0.999999999998,1.4285714285702e-12,1.4285714285702e-12,0.999999999997143,1.4285714285702e-12,1.4285714285702e-12,0.999999999997143
"CACCTTGAGCTAACAA_NS_02","P3002","train","IV","IV","Advanced",1,"IV",2,"NK cells","T/NK cells","NK","mBrain","NS_02","mBrain",0.417715113800678,0.260714114995189,0.321570771204133,0.386010771126595,0.0434669643649432,0.570522264508461,0.372393210629406,0.0450974299864414,0.582509359384152,0.125497956292089,0.0141952702164823,0.860306773491429,0.122993697421381,0.0134923259992885,0.863513976579331
"TCCCGATCAGTTAACC_NS_17","P3017","train","IV","IV","Advanced",1,"IV",2,"Epithelial cells","Epithelial cells","Malignant cells","mBrain","NS_17","mBrain",0.000823900190579661,1.26016651418734e-06,0.999174839642906,2.58021022626935e-06,2.32062529652669e-07,0.999997187727244,1.92018178161766e-06,1.79705309049132e-07,0.999997900112909,5.51902543824546e-07,4.9817628712351e-08,0.999999398279828,5.61252879921281e-07,4.6433900468835e-08,0.99999939231322
"TGTTCCGCAGCGTAAG_NS_02","P3002","train","IV","IV","Advanced",1,"IV",2,"B lymphocytes","B lymphocytes","Follicular B cells","mBrain","NS_02","mBrain",0.563765294374469,0.0420322188301347,0.394202486795397,0.703965523776225,0.00234645596210732,0.293688020261667,0.689938377963919,0.00271893519792252,0.307342686838159,0.339607222078353,0.00113433950112903,0.659258438420518,0.326773475001172,0.00116591790651987,0.672060607092308
"ATGCGATAGTAGCGGT_NS_03","P3003","train","IV","IV","Advanced",1,"IV",2,"Epithelial cells","Epithelial cells","Malignant cells","mBrain","NS_03","mBrain",0.0174591634702647,0.0371740184995982,0.945366818030137,0.000242513130924604,0.000235646247830452,0.999521840621245,0.00055123123940729,0.000364376231669523,0.999084392528923,5.18522209766444e-05,5.05896578457978e-05,0.999897558121178,9.6292841115823e-05,5.23373356651241e-05,0.999851369823219
"CGTGAGCGTTGTACAC_NS_13","P3013","train","IV","IV","Advanced",1,"IV",2,"Epithelial cells","Epithelial cells","Malignant cells","mBrain","NS_13","mBrain",6.75438107352181e-06,7.22402478290227e-05,0.999921005371098,2.57275423030757e-09,5.74555422878648e-11,0.99999999736979,1.36339776969648e-09,2.88250665046945e-11,0.999999998607777,5.5125194204945e-10,1.23582299375516e-11,0.99999999943639,4.97922318016243e-10,9.96000488675892e-12,0.999999999492118
"ACTGAACAGGGTGTTG_NS_19","P3019","train","IV","IV","Advanced",1,"IV",2,"Myeloid cells","Myeloid cells","mo-Mac","mBrain","NS_19","mBrain",0.189475468732958,0.115686869582653,0.694837661684389,0.000265239186753789,0.000127966211857395,0.999606794601389,0.000198171310761047,9.27615032741248e-05,0.999709067185965,5.80582491350383e-05,2.78540556837406e-05,0.999914087695181,4.45361314008982e-05,2.01432231129776e-05,0.999935320645486
"GGCTCGACATGTAGTC_NS_03","P3003","train","IV","IV","Advanced",1,"IV",2,"Epithelial cells","Epithelial cells","Malignant cells","mBrain","NS_03","mBrain",0.0142747213684517,0.0519544544365838,0.933770824194964,0.000265706461782372,0.000817756182895432,0.998916537355322,0.000535405658630093,0.00114150622343323,0.998323088117937,5.68218903673725e-05,0.00017564537905981,0.999767532730573,9.74215464564777e-05,0.000171759437755566,0.999730819015788
"CACATTTTCCTAGTGA_NS_19","P3019","train","IV","IV","Advanced",1,"IV",2,"Myeloid cells","Myeloid cells","mo-Mac","mBrain","NS_19","mBrain",0.0566678553853355,0.0659515187559138,0.877380625858751,8.79630006093384e-08,5.65679728590688e-08,0.999999855469027,5.49912139427827e-08,3.90349425774722e-08,0.999999905973844,1.95100101421425e-08,1.24807795324932e-08,0.99999996800921,1.19879673327784e-08,8.22161153691098e-09,0.999999979790421
"GAACCTATCCTTCAAT_NS_04","P3004","train","IV","IV","Advanced",1,"IV",2,"Myeloid cells","Myeloid cells","mo-Mac","mBrain","NS_04","mBrain",0.104695528503333,0.0566535151087042,0.838650956387963,0.00045986368170047,0.000368667850335145,0.999171468467964,0.00028884534533898,0.000318953041450247,0.999392201613211,9.98844502331365e-05,7.9038689193586e-05,0.999821076860573,6.53106289604576e-05,6.55030625758466e-05,0.999869186308464
"TCACAAGTCTTCGAGA_NS_03","P3003","train","IV","IV","Advanced",1,"IV",2,"Epithelial cells","Epithelial cells","Malignant cells","mBrain","NS_03","mBrain",0.0146531634274792,0.0314647941134392,0.953882042459082,1.35139367857662e-05,2.56990974250523e-05,0.999960786965789,3.05092640089269e-05,3.7571024570676e-05,0.99993191971142,2.8840267855169e-06,5.50348820984286e-06,0.999991612485005,5.64154328383272e-06,5.72077964868888e-06,0.999988637677067
"CCTAGCTTCCTCCTAG_NS_17","P3017","train","IV","IV","Advanced",1,"IV",2,"Epithelial cells","Epithelial cells","Malignant cells","mBrain","NS_17","mBrain",5.27351158634375e-05,1.18109223564646e-09,0.999947263703044,1.66028285036799e-10,1.7848187826266e-11,0.999999999816124,9.36010290779505e-11,1.08285564211706e-11,0.99999999989557,3.54854034671351e-11,3.82943863356814e-12,0.999999999960685,3.81086528888115e-11,3.26850842279764e-12,0.999999999958623
"CGGAGTCGTAGGGACT_NS_17","P3017","train","IV","IV","Advanced",1,"IV",2,"Epithelial cells","Epithelial cells","Malignant cells","mBrain","NS_17","mBrain",0.000142878790189992,1.86693464325859e-08,0.999857102540464,2.32603554259335e-11,3.31814811214979e-12,0.999999999973421,1.37500704764899e-11,2.1028601559332e-12,0.999999999984147,4.95615007804074e-12,1.42857142860009e-12,0.999999999993615,5.78474331006171e-12,1.4285714286045e-12,0.999999999992787
"AGAATAGCAATCGAAA_NS_17","P3017","train","IV","IV","Advanced",1,"IV",2,"Myeloid cells","Myeloid cells","Microglia/Mac","mBrain","NS_17","mBrain",0.121707181733072,0.0102821574579816,0.868010660808947,0.00918150824361114,0.00184463442297807,0.988973857333411,0.00747616603372818,0.00158654235688578,0.990937291609386,0.00200082211199233,0.000401175493478757,0.997598002394529,0.00160210315848913,0.000352040348706826,0.998045856492804
"ACGTCAAGTTCCATGA_NS_03","P3003","train","IV","IV","Advanced",1,"IV",2,"Epithelial cells","Epithelial cells","Malignant cells","mBrain","NS_03","mBrain",0.0123850937858228,0.0212588585329602,0.966356047681217,1.0686688143352e-05,2.00053308585544e-05,0.999969307980998,2.48090713682885e-05,2.8912727761243e-05,0.99994627820087,2.28186991197065e-06,4.28251993996466e-06,0.999993435610148,4.52799734733582e-06,4.26611488217493e-06,0.999991205887771
"CAGATCAGTAATCACC_NS_19","P3019","train","IV","IV","Advanced",1,"IV",2,"Myeloid cells","Myeloid cells","mo-Mac","mBrain","NS_19","mBrain",0.568405116231595,0.268324087867077,0.163270795901328,0.768660486924856,0.16982051654972,0.0615189965254241,0.777296027657018,0.155281344297924,0.067422628045058,0.627570377421859,0.138626694651447,0.233802927926694,0.610759226873957,0.126016425900935,0.263224347225108
"CAGCAGCTCTCTAGGA_NS_06","P3006","train","IV","IV","Advanced",1,"IV",2,"Oligodendrocytes",NA,NA,"mBrain","NS_06","mBrain",7.87565629571009e-06,0.3687314641956,0.631260660148104,0.000989882045185853,0.136681161787986,0.862328956166828,0.00107172403402686,0.139115593293761,0.859812682672213,0.000238763432941627,0.0328475190066403,0.966913717560418,0.000192570858900273,0.0318842967445463,0.967923132396553
"TCGAGGCAGTGCTGCC_NS_13","P3013","train","IV","IV","Advanced",1,"IV",2,"B lymphocytes","B lymphocytes","Follicular B cells","mBrain","NS_13","mBrain",0.0865581425052108,0.0353467741397402,0.878095083355049,0.00530041802994164,0.000102992174062524,0.994596589795996,0.00474143165829283,8.67704587731014e-05,0.995171797882934,0.00113961516106372,2.21314104577214e-05,0.998838253428479,0.00117907139457734,2.57060443461566e-05,0.998795222561077
"GCTCCTAAGCGAAGGG_NS_06","P3006","train","IV","IV","Advanced",1,"IV",2,"Myeloid cells","Myeloid cells","CD163+CD14+ DCs","mBrain","NS_06","mBrain",0.440945766624563,0.198160397423079,0.360893835952358,0.188694385415727,0.0759451026926966,0.735360511891576,0.168723384337879,0.0767165009821878,0.754560114679933,0.0515259069206666,0.0203746206987801,0.928099472380553,0.0427773548236943,0.0194986954815206,0.937723949694785
"ACTGCTCTCAATCTCT_NS_06","P3006","train","IV","IV","Advanced",1,"IV",2,"Myeloid cells","Myeloid cells","Undetermined","mBrain","NS_06","mBrain",0.217920860098989,0.28777515592956,0.494303983971451,0.357177660105396,0.17246989664368,0.470352443250924,0.355305846546506,0.164003231912146,0.480690921541347,0.13168393426551,0.0638872925778636,0.804428773156626,0.121874005736834,0.0571277230236392,0.820998271239526
"GTAACTGTCAATACCG_NS_19","P3019","train","IV","IV","Advanced",1,"IV",2,"Fibroblasts","Fibroblasts","FB-like cells","mBrain","NS_19","mBrain",0.185814812338078,0.184448037471915,0.629737150190008,7.11577250029414e-06,9.99814040305451e-06,0.999982886087097,5.33736821143354e-06,8.37093876716147e-06,0.999986291693021,1.53665579897818e-06,2.15473610981029e-06,0.999996308608091,1.32420789873905e-06,2.01670873691636e-06,0.999996659083364
"ATGGGAGCACATCCAA_NS_19","P3019","train","IV","IV","Advanced",1,"IV",2,"T lymphocytes","T/NK cells","CD8 low T","mBrain","NS_19","mBrain",0.255224719951527,0.0260376444687777,0.718737635579695,0.000225280233351854,4.25749624328963e-07,0.999774294017024,0.000201061261725085,3.82831833455076e-07,0.999798555906442,4.84567630609991e-05,9.3511130690682e-08,0.999951449725808,5.43768182413326e-05,1.18606687291629e-07,0.999945504575071
"CGCCAAGTCTTCATGT_NS_13","P3013","train","IV","IV","Advanced",1,"IV",2,"MAST cells","MAST cells","MAST","mBrain","NS_13","mBrain",0.216825851525564,0.0851808193795175,0.697993329094918,0.0622233536664729,0.00637290876657488,0.931403737566952,0.0607730720804446,0.0057974703363785,0.933429457583177,0.0140979107591024,0.00144412134886363,0.984457967892034,0.0149488880089329,0.00149861410920039,0.983552497881867
"TAGAGCTAGCTGATAA_NS_16","P3016","train","IIIA","III","Advanced",1,"II_III",1,"B lymphocytes","B lymphocytes","MALT B cells","mBrain","NS_16","mBrain",0.404832989969701,0.334633485351399,0.260533524678899,0.574567860629673,0.232919528834771,0.192512610535556,0.596710758733114,0.221771801509062,0.181517439757825,0.309819603005887,0.586149394118909,0.104031002875204,0.303368507844438,0.597271098171105,0.0993603939844576
"GTACTCCTCTTTACGT_NS_16","P3016","train","IIIA","III","Advanced",1,"II_III",1,"T lymphocytes","T/NK cells","CD8+/CD4+ Mixed Th","mBrain","NS_16","mBrain",0.307939810477329,0.430268871371792,0.261791318150879,0.0575287896453849,0.902032603699794,0.0404386066548215,0.0597221015731534,0.891320140078155,0.0489577583486912,0.0133588508788553,0.977256490809144,0.00938465831200028,0.0143073591556076,0.974239888770276,0.0114527520741168
"TACCTTATCTACCTGC_NS_13","P3013","train","IV","IV","Advanced",1,"IV",2,"MAST cells","MAST cells","MAST","mBrain","NS_13","mBrain",0.285484878004731,0.0738446200007889,0.640670501994481,0.0986347684931585,0.00958016735077132,0.89178506415607,0.0919346313707087,0.00856872390177538,0.899496644727516,0.0231060539708774,0.00225149293844781,0.974642453090675,0.0232627809488973,0.00239180890759202,0.974345410143511
"TCTTTCCTCCCTAACC_NS_17","P3017","train","IV","IV","Advanced",1,"IV",2,"Myeloid cells","Myeloid cells","Microglia/Mac","mBrain","NS_17","mBrain",0.0291613429715423,0.00218573631141659,0.968652920717041,0.000199784344230025,9.90738264662269e-05,0.999701141829304,0.000175298171139587,9.32589711246595e-05,0.999731442857736,4.33109738838101e-05,2.10536282139059e-05,0.999935635397902,4.05072276060439e-05,2.14987293424199e-05,0.999937994043052
"ACACTGAAGAATCTCC_NS_17","P3017","train","IV","IV","Advanced",1,"IV",2,"Epithelial cells","Epithelial cells","Malignant cells","mBrain","NS_17","mBrain",7.85384491774683e-06,1.42929763833081e-11,0.999992146140789,6.35102398380528e-10,5.76475670328233e-11,0.99999999930725,3.56122250101675e-10,3.32823024093656e-11,0.999999999610595,1.35726343082047e-10,1.23744933011397e-11,0.999999999851899,1.41744099324137e-10,9.72388632194404e-12,0.999999999848532
"CCGGTAGAGGCAAAGA_NS_06","P3006","train","IV","IV","Advanced",1,"IV",2,"Myeloid cells","Myeloid cells","Undetermined","mBrain","NS_06","mBrain",0.0656659497140649,0.105089708281394,0.829244342004542,0.00147128715305567,0.000834786775427393,0.997693926071517,0.00142945421755467,0.00070895112821429,0.997861594654231,0.000319260451979177,0.000182457132982106,0.999498282415039,0.00030434835040281,0.000153238671088576,0.999542412978509
"GACGGCTTCCACGCAG_NS_13","P3013","train","IV","IV","Advanced",1,"IV",2,"T lymphocytes",NA,NA,"mBrain","NS_13","mBrain",0.766036720972357,0.135184047666411,0.0987792313612315,0.961685947385698,0.00485037732852782,0.0334636752857739,0.953688845227328,0.00458814116758478,0.0417230136050869,0.85719359282394,0.00432366743042757,0.138482739745632,0.831734454735307,0.00419419553673482,0.164071349727958
"TTAACTCCAGCTGTGC_NS_19","P3019","train","IV","IV","Advanced",1,"IV",2,"Myeloid cells","Myeloid cells","mo-Mac","mBrain","NS_19","mBrain",0.0406135475196369,0.0434558534869964,0.915930598993367,1.22208081376795e-09,7.3954445894873e-10,0.999999998038375,5.54118747962557e-10,4.16902900646361e-10,0.999999999028978,2.79760346184767e-10,1.68056730911231e-10,0.999999999552183,1.36043822171916e-10,8.93900528632223e-11,0.999999999774566
"CAGCTGGCACATTCGA_NS_04","P3004","train","IV","IV","Advanced",1,"IV",2,"Myeloid cells","Myeloid cells","mo-Mac","mBrain","NS_04","mBrain",0.00941310137731293,0.0322728263759928,0.958314072246694,6.82220636115584e-07,1.50793668678998e-06,0.999997809842677,4.59541189053558e-07,9.52865981863179e-07,0.999998587592829,1.50987104234471e-07,3.36403937140332e-07,0.999999512608959,1.07201468263735e-07,1.9524205304724e-07,0.999999697556479
"TGCGTGGAGACGCAAC_NS_04","P3004","train","IV","IV","Advanced",1,"IV",2,"Epithelial cells","Epithelial cells","Malignant cells","mBrain","NS_04","mBrain",0.0777660281602715,0.00017314637478144,0.922060825464947,9.99999999998e-13,9.99999999998e-13,0.999999999998,9.99999999998e-13,9.99999999998e-13,0.999999999998,1.4285714285702e-12,1.4285714285702e-12,0.999999999997143,1.4285714285702e-12,1.4285714285702e-12,0.999999999997143
"AACTCAGCAGTAAGCG_NS_04","P3004","train","IV","IV","Advanced",1,"IV",2,"Epithelial cells","Epithelial cells","Malignant cells","mBrain","NS_04","mBrain",0.199135340155232,0.00179030075927325,0.799074359085495,9.99999999998e-13,9.99999999998e-13,0.999999999998,9.99999999998e-13,9.99999999998e-13,0.999999999998,1.4285714285702e-12,1.4285714285702e-12,0.999999999997143,1.4285714285702e-12,1.4285714285702e-12,0.999999999997143
"GCAAACTGTCAGAATA_NS_19","P3019","train","IV","IV","Advanced",1,"IV",2,"Myeloid cells","Myeloid cells","mo-Mac","mBrain","NS_19","mBrain",0.0688381504230993,0.118482653433167,0.812679196143734,3.33414691501981e-06,7.26850980073137e-06,0.999989397343284,2.40247523449646e-06,5.34415613497421e-06,0.999992253368631,7.32985390962143e-07,1.58877854595203e-06,0.999997678236063,5.88912319892062e-07,1.22293024732506e-06,0.999998188157433
"GGAACTTCAAGTACCT_NS_17","P3017","train","IV","IV","Advanced",1,"IV",2,"T lymphocytes","T/NK cells","Exhausted CD8+ T","mBrain","NS_17","mBrain",0.0332134645555454,0.000164753347922361,0.966621782096532,0.000911350705760577,1.24774797862255e-06,0.999087401546261,0.000750475320827441,1.26565752806782e-06,0.999248259021644,0.000196398166294288,2.70643411754856e-07,0.999803331190294,0.00017843865300077,2.69707841407223e-07,0.999821291639158
"TTCTCAAGTCGCTTCT_NS_04","P3004","train","IV","IV","Advanced",1,"IV",2,"Epithelial cells","Epithelial cells","Malignant cells","mBrain","NS_04","mBrain",0.150364195667465,0.00231601283036109,0.847319791502174,9.99999999998e-13,9.99999999998e-13,0.999999999998,9.99999999998e-13,9.99999999998e-13,0.999999999998,1.4285714285702e-12,1.4285714285702e-12,0.999999999997143,1.4285714285702e-12,1.4285714285702e-12,0.999999999997143
"TGCACCTTCAGAAATG_NS_13","P3013","train","IV","IV","Advanced",1,"IV",2,"T lymphocytes","T/NK cells","Undetermined","mBrain","NS_13","mBrain",0.260390071064226,0.134118077558418,0.605491851377357,0.230859407205832,0.00461921748523778,0.76452137530893,0.21656255658305,0.00421648214861931,0.77922096126833,0.0606599368356297,0.00121805634546805,0.938122006818902,0.0599232616005803,0.00111332356189333,0.938963414837526
"CCTACCAAGCCGGTAA_NS_03","P3003","train","IV","IV","Advanced",1,"IV",2,"Epithelial cells","Epithelial cells","Malignant cells","mBrain","NS_03","mBrain",0.00958169245404495,0.0257774356573097,0.964640871888645,7.38747478443134e-05,7.77889367676314e-05,0.999848336315388,0.000180500262767241,0.000128927666338306,0.999690572070894,1.57676165836108e-05,1.66591197563766e-05,0.99996757326366,3.02698723430012e-05,1.79460308323378e-05,0.999951784096825
"CGAGCCACACCAGCAC_NS_03","P3003","train","IV","IV","Advanced",1,"IV",2,"Epithelial cells","Epithelial cells","Malignant cells","mBrain","NS_03","mBrain",0.0031918654725222,0.0115376657046519,0.985270468822826,2.1067774889218e-06,1.7377296546634e-05,0.999980515925964,5.44933791415008e-06,2.84748085693496e-05,0.999966075853516,4.50920415156914e-07,3.73894216873564e-06,0.999995810137416,9.45193628295191e-07,3.76175737979968e-06,0.999995293048992
"CATGCCTCAATGGTCT_NS_13","P3013","train","IV","IV","Advanced",1,"IV",2,"B lymphocytes","B lymphocytes","Follicular B cells","mBrain","NS_13","mBrain",0.41583269560518,0.120733948283226,0.463433356111594,0.64514767645368,0.00237133804556621,0.352480985500754,0.635988325599819,0.00229642313750238,0.361715251262679,0.281621184577117,0.00103511541598588,0.717343700006897,0.279602514171196,0.00109410567283829,0.719303380155965
"GGGATGACAAAGCAAT_NS_03","P3003","train","IV","IV","Advanced",1,"IV",2,"Epithelial cells","Epithelial cells","Malignant cells","mBrain","NS_03","mBrain",0.097571290588803,0.0479023367343861,0.854526372676811,1.06590807358867e-05,3.26532542825864e-06,0.999986075593836,1.39702253072825e-05,3.76396242273309e-06,0.99998226581227,2.27669295393042e-06,7.0016140055878e-07,0.999997023145646,3.22954296916402e-06,8.15017854685708e-07,0.999995955439176
"ATAAGAGCATGTAAGA_NS_13","P3013","train","IV","IV","Advanced",1,"IV",2,"B lymphocytes","B lymphocytes","Plasma cells","mBrain","NS_13","mBrain",0.21476846358786,0.153460772061443,0.631770764350698,0.00984214496849372,0.00298037376306676,0.98717748126844,0.00956723255188573,0.00275420511993987,0.987678562328174,0.00213209281126994,0.000646683407935196,0.997221223780795,0.00223609647585335,0.000672571827996298,0.99709133169615
"CTGATAGTCGAACGGA_NS_19","P3019","train","IV","IV","Advanced",1,"IV",2,"Myeloid cells","Myeloid cells","CD1c+ DCs","mBrain","NS_19","mBrain",0.418240493404697,0.164230967736674,0.41752853885863,0.0701018012187168,0.00507933255235667,0.924818866228927,0.0575611409086716,0.00494593894857143,0.937492920142757,0.0161061357350182,0.00117234037258634,0.982721523892395,0.0145151487455184,0.00101078774922056,0.984474063505261
"GACGCGTCAGATAATG_NS_03","P3003","train","IV","IV","Advanced",1,"IV",2,"Epithelial cells","Epithelial cells","Malignant cells","mBrain","NS_03","mBrain",0.0134368490430621,0.0401910594010616,0.946372091555876,0.000167384565669868,0.000293450654896139,0.999539164779434,0.000396040844419251,0.000452164318422233,0.999151794837159,3.57839747689144e-05,6.29252936212668e-05,0.99990129073161,6.77962849988914e-05,6.35230452494408e-05,0.999868680669752
"TACTTACGTCTAAAGA_NS_17","P3017","train","IV","IV","Advanced",1,"IV",2,"Epithelial cells","Epithelial cells","Malignant cells","mBrain","NS_17","mBrain",0.002060609452619,1.41603479972649e-06,0.997937974512581,2.2838988505079e-05,2.57781211598985e-06,0.999974583199379,1.55024040497283e-05,1.79607288687962e-06,0.999982701523063,4.89392292776632e-06,5.5492093300467e-07,0.999994551156139,4.75293728749105e-06,4.62918582044492e-07,0.99999478414413
"ACGGAGAGTTACAGAA_NS_03","P3003","train","IV","IV","Advanced",1,"IV",2,"Epithelial cells","Epithelial cells","Malignant cells","mBrain","NS_03","mBrain",0.0138733512429404,0.0316977319087201,0.95442891684834,0.000131432918410047,0.000166894498985275,0.999701672582605,0.000320453422195741,0.000264708685803836,0.999414837892,2.80798213995045e-05,3.57613011358475e-05,0.999936158877465,5.42048871518151e-05,3.76527515873555e-05,0.999908142361261
"GGCGTGTCACACCGAC_NS_19","P3019","train","IV","IV","Advanced",1,"IV",2,"Myeloid cells","Myeloid cells","mo-Mac","mBrain","NS_19","mBrain",0.0679501960877365,0.0682450972509312,0.863804706661332,1.52291328714121e-08,7.29070300806708e-09,0.999999977480164,7.3459353139058e-09,4.28709351684442e-09,0.999999988366971,3.47415094380533e-09,1.64660722540457e-09,0.999999994879242,1.61415276892887e-09,8.23014352103655e-10,0.999999997562833
"TCGCGAGGTGTCTGAT_NS_17","P3017","train","IV","IV","Advanced",1,"IV",2,"T lymphocytes",NA,NA,"mBrain","NS_17","mBrain",0.040343331227982,0.000297757037156269,0.959358911734862,0.00557746736043656,0.000172769696182192,0.994249762943381,0.00497612125684454,0.00014610555485018,0.994877773188305,0.00120117062069306,3.72618704586345e-05,0.998761567508848,0.0012704598007801,3.68512025547588e-05,0.998692688996665
"CCATGTCCAGTCAGAG_NS_03","P3003","train","IV","IV","Advanced",1,"IV",2,"Myeloid cells","Myeloid cells","Monocytes","mBrain","NS_03","mBrain",0.0472952116587484,0.0615118745083682,0.891192913832883,0.00124540012620756,0.000295178384692479,0.9984594214891,0.0014559509158995,0.000292872206166877,0.998251176877934,0.000262036461569866,6.26516548163577e-05,0.999675311883614,0.000291254081652614,6.43990031696222e-05,0.999644346915178
"AGTCTTTTCAGATAAG_NS_04","P3004","train","IV","IV","Advanced",1,"IV",2,"Epithelial cells","Epithelial cells","Malignant cells","mBrain","NS_04","mBrain",0.332216881694862,0.00486976675810888,0.662913351547029,9.99999999998e-13,9.99999999998e-13,0.999999999998,9.99999999998e-13,9.99999999998e-13,0.999999999998,1.4285714285702e-12,1.4285714285702e-12,0.999999999997143,1.4285714285702e-12,1.4285714285702e-12,0.999999999997143
"ATTGGTGAGCGGCTTC_NS_17","P3017","train","IV","IV","Advanced",1,"IV",2,"Epithelial cells","Epithelial cells","Malignant cells","mBrain","NS_17","mBrain",0.00289461014594451,2.86488277373567e-06,0.997102524971282,2.70565947543181e-05,2.85950898074534e-06,0.999970083896265,1.94497340516783e-05,2.15244504557581e-06,0.999978397820903,5.7914062612452e-06,6.14312350273808e-07,0.999993594281388,5.59540088579224e-06,5.48221386155748e-07,0.999993856377728
"CGTTCTGAGAGCTGCA_NS_02","P3002","train","IV","IV","Advanced",1,"IV",2,"Myeloid cells","Myeloid cells","mo-Mac","mBrain","NS_02","mBrain",0.00351605134183792,0.00976072527404421,0.986723223384118,3.75347473111479e-10,1.15566650750544e-10,0.999999999509086,1.9194188636875e-10,7.87559023057454e-11,0.999999999729302,8.50496198042475e-11,2.60685069766889e-11,0.999999999888882,4.27778269983234e-11,1.48705441534192e-11,0.999999999942352
"TCTCTAAAGGGATACC_NS_02","P3002","train","IV","IV","Advanced",1,"IV",2,"Myeloid cells","Myeloid cells","mo-Mac","mBrain","NS_02","mBrain",0.0660468647161693,0.044917801013987,0.889035334269844,6.89424326498566e-08,1.8121910351353e-08,0.999999912935657,3.53578421800708e-08,1.31842536804544e-08,0.999999951457904,1.57462739544789e-08,4.05250692253982e-09,0.999999980201219,7.35913035389087e-09,2.53071566723547e-09,0.999999990110154
"CTGCTGTAGTCGCCGT_NS_03","P3003","train","IV","IV","Advanced",1,"IV",2,"Epithelial cells","Epithelial cells","Malignant cells","mBrain","NS_03","mBrain",0.00840993409209799,0.0253787914469809,0.966211274460921,5.83098273097882e-05,9.7154073822699e-05,0.999844536098868,0.000138986059185599,0.000152693348195555,0.999708320592619,1.24528100923336e-05,2.0834154830094e-05,0.999966713035078,2.43359286091563e-05,2.14486526179492e-05,0.999954215418773
"ACGCCAGTCGCTTGTC_NS_16","P3016","train","IIIA","III","Advanced",1,"II_III",1,"Myeloid cells","Myeloid cells","mo-Mac","mBrain","NS_16","mBrain",0.0766998012088774,0.135016726987352,0.78828347180377,0.00142086685594609,0.00225047249381691,0.996328660650237,0.00150978171892751,0.00221110038762142,0.996279117893451,0.0014090445451183,0.0103293756415299,0.988261579813352,0.00139018062707122,0.010480550640721,0.988129268732208
"CCATTCGGTGTTGAGG_NS_13","P3013","train","IV","IV","Advanced",1,"IV",2,"MAST cells","MAST cells","MAST","mBrain","NS_13","mBrain",0.440620907970419,0.150656909550418,0.408722182479163,0.500633972716959,0.0241023926418767,0.475263634641165,0.480648466952132,0.0241451456865622,0.495206387361306,0.182470294413327,0.00880999259121697,0.808719712995456,0.177089099825573,0.00885011850030665,0.81406078167412
"CAACTAGAGGGTGTGT_NS_02","P3002","train","IV","IV","Advanced",1,"IV",2,"Myeloid cells","Myeloid cells","mo-Mac","mBrain","NS_02","mBrain",0.00999488905344596,0.0260697686762661,0.963935342270288,1.53661077228427e-07,8.21261592373248e-08,0.999999764212763,9.72246923475027e-08,6.59645567091354e-08,0.999999836810751,3.45190094601105e-08,1.83395800822555e-08,0.99999994714141,2.11308957877404e-08,1.29457187308852e-08,0.999999965923385
"GGGATGACACATCTTT_NS_19","P3019","train","IV","IV","Advanced",1,"IV",2,"Myeloid cells","Myeloid cells","mo-Mac","mBrain","NS_19","mBrain",0.000144565977178326,0.000561065840769168,0.999294368182052,9.99999999998759e-13,9.99999999998759e-13,0.999999999998,9.99999999998528e-13,9.99999999998528e-13,0.999999999998,1.4285714285702e-12,1.4285714285702e-12,0.999999999997143,1.4285714285702e-12,1.4285714285702e-12,0.999999999997143
"TGACAACAGTGGGTTG_NS_03","P3003","train","IV","IV","Advanced",1,"IV",2,"Epithelial cells","Epithelial cells","Malignant cells","mBrain","NS_03","mBrain",0.00590867329388167,0.0173060395898883,0.97678528711623,3.01988296974298e-05,2.22206903886757e-05,0.999947580479914,6.78804661486562e-05,3.63180010348043e-05,0.999895801532816,6.44216498038323e-06,4.76655974399256e-06,0.999988791275276,1.1985123178089e-05,5.25871877658283e-06,0.999982756158045
