"Cell","Patient","split","Stage","Stage_broad","Stage_group","z_obs","Stage_cat","y_cat","Cell_type","Cell_type.refined","Cell_subtype","Tissue","Sample","Sample_Origin","naive_prob_I","naive_prob_II_III","naive_prob_IV","cat_em_prob_I","cat_em_prob_II_III","cat_em_prob_IV","cat_mcem_prob_I","cat_mcem_prob_II_III","cat_mcem_prob_IV","cat_em_soft_label_I","cat_em_soft_label_II_III","cat_em_soft_label_IV","cat_mcem_soft_label_I","cat_mcem_soft_label_II_III","cat_mcem_soft_label_IV"
"CTAATGGGTGAAATCA_NS_03","P3003","train","IV","IV","Advanced",1,"IV",2,"Epithelial cells","Epithelial cells","Malignant cells","mBrain","NS_03","mBrain",0.000872121837544508,0.00668564865145064,0.992442229511005,7.17026607080803e-06,2.61102406772458e-05,0.999966719493252,8.35720478867278e-06,4.44658360673905e-05,0.999947176959144,1.54299513256226e-06,5.64541336259573e-06,0.999992811591505,2.00747842603203e-06,1.18789893300324e-05,0.999986113532244
"CTAATGGGTATAAACG_NS_13","P3013","train","IV","IV","Advanced",1,"IV",2,"MAST cells","MAST cells","MAST","mBrain","NS_13","mBrain",0.289259761384992,0.126628082911122,0.584112155703886,0.282466442655266,0.0591741770870043,0.65835938025773,0.295440113136954,0.0660441067792523,0.638515780083794,0.0829818022028953,0.0173107892322064,0.899707408564898,0.0840777612765849,0.0182281683921791,0.897694070331236
"CGTCACTGTCTTGTCC_NS_03","P3003","train","IV","IV","Advanced",1,"IV",2,"Epithelial cells","Epithelial cells","Malignant cells","mBrain","NS_03","mBrain",0.004402214144603,0.010100623058478,0.985497162796919,0.000334372889521402,0.000165478944453525,0.999500148166025,0.000387393805918811,0.000261507617719627,0.999351098576362,7.19155770345417e-05,3.56463752280935e-05,0.999892438047737,9.6049865165244e-05,5.67179994582919e-05,0.999847232135377
"CAGTCCTCATCATCCC_NS_02","P3002","train","IV","IV","Advanced",1,"IV",2,"Epithelial cells","Epithelial cells","Malignant cells","mBrain","NS_02","mBrain",0.00196804880317924,0.000607782671270452,0.99742416852555,7.20951393195532e-06,1.16101080013461e-06,0.999991629475268,8.03628554218678e-06,1.32956515532636e-06,0.999990634149302,1.55364560048451e-06,2.50487518689994e-07,0.999998195866881,1.45250350645181e-06,2.20308945257533e-07,0.999998327187548
"CTCGAGGAGCCACGCT_NS_17","P3017","train","IV","IV","Advanced",1,"IV",2,"Myeloid cells","Myeloid cells","Microglia/Mac","mBrain","NS_17","mBrain",0.0199105451440168,0.00149414325581276,0.978595311600171,0.000212740212865133,4.95884615281966e-05,0.999737671325607,0.000198742804898589,4.2558446578764e-05,0.999758698748523,4.593628342717e-05,1.07222405277782e-05,0.999943341476045,4.02647529777362e-05,9.4476348972343e-06,0.999950287612125
"TGACAACGTTCACCTC_NS_03","P3003","train","IV","IV","Advanced",1,"IV",2,"Epithelial cells","Epithelial cells",NA,"mBrain","NS_03","mBrain",0.00547780615788749,0.0206192819523829,0.97390291188973,0.00166374027887149,0.00246737905052835,0.9958688806706,0.00199031985094998,0.00443625588456011,0.99357342426449,0.000356892840133697,0.000530642549737746,0.999112464610129,0.000480759227686487,0.000898406488220907,0.998620834284093
"GCGACCAAGAGCTGCA_NS_02","P3002","train","IV","IV","Advanced",1,"IV",2,"Myeloid cells","Myeloid cells","mo-Mac","mBrain","NS_02","mBrain",0.0571676181280985,0.0242673193638888,0.918565062508013,0.000453334428058508,5.44325315904347e-05,0.999492233040351,0.000425855043546976,4.55713264278763e-05,0.999528573630025,9.78967263929886e-05,1.1772038497768e-05,0.999890331235109,9.02140405642129e-05,9.89280835183666e-06,0.999899893151084
"AGGCCGTGTTGGTTTG_NS_16","P3016","train","IIIA","III","Advanced",1,"II_III",1,"Oligodendrocytes",NA,NA,"mBrain","NS_16","mBrain",0.0480734621062517,0.878644740318781,0.0732817975749673,0.00297203836192676,0.976292850062566,0.0207351115755071,0.00404016293721104,0.968559407732732,0.027400429330057,0.000652591185556773,0.9948153768808,0.00453203193364319,0.000813311748158713,0.99415633267243,0.00503035557941138
"AAAGTAGAGAATTCCC_NS_17","P3017","train","IV","IV","Advanced",1,"IV",2,"Myeloid cells","Myeloid cells","Microglia/Mac","mBrain","NS_17","mBrain",0.041264486650847,0.00410749560579498,0.954628017743358,0.00242327928584815,0.00016121164996566,0.997415509064186,0.00225297243409552,0.000136568378145028,0.997610459187759,0.000519454304218915,3.45905773598424e-05,0.999445955118421,0.000481356306115696,2.93868623858636e-05,0.999489256831498
"ATCATGGGTTGTGGAG_NS_03","P3003","train","IV","IV","Advanced",1,"IV",2,"Epithelial cells","Epithelial cells","Malignant cells","mBrain","NS_03","mBrain",0.0250716357440073,0.0964751253989001,0.878453238857093,0.00640234992195059,0.00775026689457044,0.985847383183479,0.00673517830965022,0.0102350420923042,0.983029779598046,0.00138509782079601,0.00167816895073098,0.996936733228473,0.00163184058231323,0.00226517954300434,0.996102979874683
"AGAGCGAAGGTGTGGT_NS_02","P3002","train","IV","IV","Advanced",1,"IV",2,"Myeloid cells","Myeloid cells","mo-Mac","mBrain","NS_02","mBrain",0.0145844324175296,0.0068883086878099,0.978527258894661,2.74469044887718e-05,1.31984616361793e-06,0.999971233249348,2.46228955871482e-05,1.09608650506675e-06,0.999974281017908,5.90889832053953e-06,2.84678092664031e-07,0.999993806423587,5.16236122189614e-06,2.35498679325965e-07,0.999994602140099
"GCATGATGTGAGGGTT_NS_13","P3013","train","IV","IV","Advanced",1,"IV",2,"T lymphocytes","T/NK cells","Undetermined","mBrain","NS_13","mBrain",0.0912089565848731,0.00856820262220834,0.900222840792919,0.0136014395961665,8.78190064061795e-05,0.986310741397427,0.0138428311028437,8.18806480780572e-05,0.986075288249078,0.00293861189927919,1.90487148668847e-05,0.997042339385854,0.0028671501502961,1.83863897597263e-05,0.997114463459944
"GACTAACGTTTGGGCC_NS_02","P3002","train","IV","IV","Advanced",1,"IV",2,"T lymphocytes","T/NK cells","CD4+ Th","mBrain","NS_02","mBrain",0.088226597128327,0.111510264125023,0.80026313874665,0.0257880689313124,0.00315808530558554,0.971053845763102,0.023719249144533,0.00301907296025213,0.973261677895215,0.00567341059904401,0.00069429302342981,0.993632296377526,0.00534546382035972,0.000557069274372453,0.994097466905268
"CGTTAGATCGCCATAA_NS_16","P3016","train","IIIA","III","Advanced",1,"II_III",1,"NK cells","T/NK cells","NK","mBrain","NS_16","mBrain",0.468581866830965,0.395873871377603,0.135544261791432,0.230397409124715,0.730491148414097,0.0391114424611882,0.23194523769813,0.727468312483423,0.0405864498184475,0.0627638145628448,0.926588516999878,0.0106476684372771,0.062460949064721,0.926628158610125,0.010910892325154
"GTAACTGGTTCTCATT_NS_16","P3016","train","IIIA","III","Advanced",1,"II_III",1,"B lymphocytes","B lymphocytes","MALT B cells","mBrain","NS_16","mBrain",0.285741130906439,0.500748859945146,0.213510009148415,0.215091527008737,0.716039623225133,0.06886884976613,0.214268370191934,0.712251810425228,0.0734798193828372,0.0593457247251047,0.921679460895459,0.0189748143794366,0.0568114333616752,0.923629077447326,0.019559489190999
"GACTACACACCGCTAG_NS_03","P3003","train","IV","IV","Advanced",1,"IV",2,"Epithelial cells","Epithelial cells","Malignant cells","mBrain","NS_03","mBrain",0.00665958614624645,0.0406651499872097,0.952675263866544,0.000740238956704201,0.00108163162424872,0.998178129419047,0.000881989210666518,0.0021861493084044,0.996931861480929,0.000159439511436942,0.000233029033361137,0.999607531455202,0.000232205755300129,0.000480311418435334,0.999287482826265
"GTCGGGTCAAAGGAAG_NS_19","P3019","train","IV","IV","Advanced",1,"IV",2,"Myeloid cells","Myeloid cells","mo-Mac","mBrain","NS_19","mBrain",0.0127249181455772,0.0419555031702939,0.945319578684129,0.000253957120458748,0.00171842999193373,0.998027612887608,0.000251988016229201,0.0015123427732257,0.998235669210545,5.44242984358837e-05,0.000368144122862603,0.999577431578701,5.07206009950937e-05,0.000309854168142787,0.999639425230862
"GGCCGATTCACGATGT_NS_19","P3019","train","IV","IV","Advanced",1,"IV",2,"Myeloid cells","Myeloid cells","mo-Mac","mBrain","NS_19","mBrain",0.00980584036068425,0.0277677669432217,0.962426392696094,8.34060479832088e-05,0.000192616297672437,0.999723977654344,8.59960693003203e-05,0.000190962449496736,0.999723041481203,1.78034219529238e-05,4.09565207669693e-05,0.99994124005728,1.75035437202887e-05,3.46260956545022e-05,0.999947870360625
"GATCAGTAGCATCATC_NS_02","P3002","train","IV","IV","Advanced",1,"IV",2,"Myeloid cells","Myeloid cells","mo-Mac","mBrain","NS_02","mBrain",0.000223262717149846,0.00122431092168254,0.998552426361168,8.09271131011544e-09,3.76527225801231e-08,0.999999954254566,7.24807242978938e-09,3.11228532776357e-08,0.999999961629074,1.75491529244357e-09,8.14937440472316e-09,0.99999999009571,1.49675427580026e-09,5.50748545081479e-09,0.99999999299576
"GCGCGATTCTAACTTC_NS_04","P3004","train","IV","IV","Advanced",1,"IV",2,"Epithelial cells","Epithelial cells","Malignant cells","mBrain","NS_04","mBrain",0.131101128737519,0.00353942273563738,0.865359448526844,0.0192679900189904,0.00265538265376023,0.978076627327249,0.0198977665703705,0.00278680824825442,0.977315425181375,0.00420975049813434,0.000580784699148121,0.995209464802717,0.0046801713075745,0.000653452483257232,0.994666376209168
"GGGAGATTCTTCGGTC_NS_19","P3019","train","IV","IV","Advanced",1,"IV",2,"Myeloid cells","Myeloid cells","mo-Mac","mBrain","NS_19","mBrain",0.104872082732111,0.0920949586749302,0.803032958592959,0.00209705312210555,0.000527540353987814,0.997375406523907,0.00215985943310321,0.0004915126084637,0.997348627958433,0.000458410884763279,0.000115366406670539,0.999426222708566,0.000425819596006086,9.23107063140761e-05,0.99948186969768
"TTCTTAGTCAGCCTAA_NS_02","P3002","train","IV","IV","Advanced",1,"IV",2,"T lymphocytes","T/NK cells","Treg","mBrain","NS_02","mBrain",0.360463633211837,0.33611432735427,0.303422039433893,0.336098935270985,0.168197634030133,0.495703430698881,0.33390602801763,0.177914954194671,0.488179017787698,0.119046145508762,0.0597102543576484,0.82124360013359,0.126068901085245,0.0622771430306404,0.811653955884115
"AGTCTTTGTGAAAGAG_NS_04","P3004","train","IV","IV","Advanced",1,"IV",2,"T lymphocytes","T/NK cells","Exhausted CD8+ T","mBrain","NS_04","mBrain",0.63822846280922,0.199997511655299,0.161774025535481,0.706809436014513,0.0435054642436685,0.249685099741819,0.701324066944631,0.0406161820836011,0.258059750971768,0.368983974033246,0.0227185843309072,0.608297441635847,0.379017591081642,0.0212984117559792,0.599683997162378
"CTACATTCACTTGGAT_NS_19","P3019","train","IV","IV","Advanced",1,"IV",2,"B lymphocytes","B lymphocytes","Plasma cells","mBrain","NS_19","mBrain",0.1693505137259,0.0523765058170946,0.778272980457005,0.00892723830280653,0.00199015125108801,0.989082610446105,0.00917492119026175,0.00208089034499312,0.988744188464745,0.00193328387888113,0.000430673840821853,0.997636042280297,0.00178846911204054,0.00040951061009153,0.997802020277868
"GGATTACTCGCCCTTA_NS_17","P3017","train","IV","IV","Advanced",1,"IV",2,"Fibroblasts","Fibroblasts","Pericytes","mBrain","NS_17","mBrain",0.324692995083157,0.049284330976783,0.62602267394006,0.0767683181360009,0.0256812467577182,0.897550435106281,0.0856687409430246,0.0301603874009826,0.884170871655993,0.0178655568053888,0.00597970633757909,0.976154736857032,0.0225244556488276,0.0075015061870267,0.969974038164146
"ATCATCTAGGGATCTG_NS_17","P3017","train","IV","IV","Advanced",1,"IV",2,"Epithelial cells","Epithelial cells","Malignant cells","mBrain","NS_17","mBrain",0.00744213550006284,1.18590666625047e-05,0.992546005433275,0.000114689432038648,6.54149276273407e-06,0.999878769075199,0.000102387392464206,6.14826687776286e-06,0.999891464340658,2.45358984122599e-05,1.40106477779256e-06,0.99997406303681,2.28738770536813e-05,1.35639953843934e-06,0.999975769723408
"CTGCCTACACGGTAAG_NS_19","P3019","train","IV","IV","Advanced",1,"IV",2,"Epithelial cells","Epithelial cells","Malignant cells","mBrain","NS_19","mBrain",0.000393386335873975,0.000118039992828064,0.999488573671298,1.00234142336724e-10,4.30845834479004e-10,0.99999999946892,1.234677003467e-10,6.48229666329528e-10,0.999999999228303,2.18235045456108e-11,9.3541299614348e-11,0.999999999884635,1.80427819222815e-11,7.87084546242082e-11,0.999999999903249
"TTGGCAATCGAATGCT_NS_19","P3019","train","IV","IV","Advanced",1,"IV",2,"Epithelial cells","Epithelial cells","Malignant cells","mBrain","NS_19","mBrain",0.0124205337931918,0.000320614899232179,0.987258851307576,1.23553224448613e-08,8.09716539434732e-10,0.999999986834961,1.55937125340902e-08,1.16920047840887e-09,0.999999983237087,2.6943155457705e-09,1.7619421130439e-10,0.99999999712949,2.40368304005304e-09,1.51041537032712e-10,0.999999997445275
"CAGAATCCACATGACT_NS_04","P3004","train","IV","IV","Advanced",1,"IV",2,"Myeloid cells","Myeloid cells","mo-Mac","mBrain","NS_04","mBrain",0.375737209234205,0.0270425865031409,0.597220204262655,0.0948416193925836,0.00069235334921283,0.904466027258204,0.0922125803755235,0.000592795796989341,0.907194623827487,0.0221897187245352,0.000162364886740374,0.977647916388725,0.0214153056911888,0.000144092041909995,0.978440602266901
"TGAGGGATCAGCACAT_NS_02","P3002","train","IV","IV","Advanced",1,"IV",2,"Oligodendrocytes",NA,NA,"mBrain","NS_02","mBrain",0.018895088525705,0.496736376955323,0.484368534518972,0.000253912502514962,0.217052192009276,0.782693895488209,0.000251247163381903,0.202998724746868,0.796750028089751,6.60636260998126e-05,0.056186106956784,0.943747829417116,7.0752646681263e-05,0.0489517559607533,0.950977491392565
"TCCACACTCAGCCTAA_NS_19","P3019","train","IV","IV","Advanced",1,"IV",2,"Fibroblasts","Endothelial cells","Tumor ECs","mBrain","NS_19","mBrain",0.145479826938628,0.00835049735747397,0.846169675703898,0.00646093989248855,5.19567343327118e-06,0.993533864434078,0.00604891144458348,5.34322432455749e-06,0.993945745331092,0.00139379620511902,1.12633848018998e-06,0.998605077456401,0.00153093848236627,1.16535138662986e-06,0.998467896166247
"CACATTTTCGGCGGTT_NS_13","P3013","train","IV","IV","Advanced",1,"IV",2,"Epithelial cells","Epithelial cells","Malignant cells","mBrain","NS_13","mBrain",0.000410696185100321,1.02574921457155e-06,0.999588278065685,6.80643931177028e-07,4.19287955231655e-08,0.999999277427273,7.99542929744185e-07,5.06396013947312e-08,0.999999149817469,1.45638548183754e-07,8.98950333879986e-09,0.999999845371948,1.60997715229084e-07,1.01324507276197e-08,0.999999828869834
"CACCTTGAGCTAACAA_NS_02","P3002","train","IV","IV","Advanced",1,"IV",2,"NK cells","T/NK cells","NK","mBrain","NS_02","mBrain",0.23099908399831,0.109302365551622,0.659698550450068,0.0967032106634275,0.00364220024693422,0.899654589089638,0.0936427472060243,0.00338232082912276,0.902974931964853,0.0225865327047096,0.000850344609161427,0.976563122686129,0.0223091667920167,0.000739281990339284,0.976951551217644
"TCCCGATCAGTTAACC_NS_17","P3017","train","IV","IV","Advanced",1,"IV",2,"Epithelial cells","Epithelial cells","Malignant cells","mBrain","NS_17","mBrain",0.00108718867320783,5.95030653151353e-06,0.998906861020261,7.88660329723541e-06,3.78868544716403e-07,0.999991734528158,7.21478953231635e-06,3.81947167650079e-07,0.9999924032633,1.68311459694519e-06,8.09386738801699e-08,0.999998235946729,1.56213448696675e-06,8.21977824267957e-08,0.999998355667731
"TGTTCCGCAGCGTAAG_NS_02","P3002","train","IV","IV","Advanced",1,"IV",2,"B lymphocytes","B lymphocytes","Follicular B cells","mBrain","NS_02","mBrain",0.372027523089576,0.0289023796262031,0.599070097284221,0.288912035706032,0.00304093463462253,0.708047029659345,0.292814629893156,0.00285962418606054,0.704325745920783,0.0803486677730587,0.000846878817450814,0.91880445340949,0.0810595172642919,0.00081287377180769,0.918127608963901
"ATGCGATAGTAGCGGT_NS_03","P3003","train","IV","IV","Advanced",1,"IV",2,"Epithelial cells","Epithelial cells","Malignant cells","mBrain","NS_03","mBrain",0.00541611740267833,0.075412468210336,0.919171414386986,0.000213507619352018,0.00057489975082462,0.999211592629823,0.000264432136684581,0.00111280074369071,0.998622767119625,4.57023310484037e-05,0.00012331149475837,0.999830986174193,6.2850463746736e-05,0.000262443811911125,0.999674705724342
"CGTGAGCGTTGTACAC_NS_13","P3013","train","IV","IV","Advanced",1,"IV",2,"Epithelial cells","Epithelial cells","Malignant cells","mBrain","NS_13","mBrain",0.303180621217395,0.0420306596077003,0.654788719174904,0.143640455185259,0.00858084058408719,0.847778704230654,0.170574633108401,0.0087033276362011,0.820722039255398,0.0348088234798389,0.00208070635641424,0.963110470163747,0.0347425226763711,0.00189183065023034,0.963365646673399
"ACTGAACAGGGTGTTG_NS_19","P3019","train","IV","IV","Advanced",1,"IV",2,"Myeloid cells","Myeloid cells","mo-Mac","mBrain","NS_19","mBrain",0.164801131175193,0.313635719064298,0.52156314976051,0.017480692054147,0.0703979723187613,0.912121335627092,0.0168198038637052,0.0620546884367914,0.921125507699503,0.0040355189618876,0.0162656163990912,0.979698864639021,0.00369921597985517,0.014345026333603,0.981955757686542
"GGCTCGACATGTAGTC_NS_03","P3003","train","IV","IV","Advanced",1,"IV",2,"Epithelial cells","Epithelial cells","Malignant cells","mBrain","NS_03","mBrain",0.0126469755934641,0.0430158674151215,0.944337156991414,0.00238950057367879,0.000531302077612373,0.997079197348709,0.00266226417494839,0.000797518059214065,0.996540217765838,0.000512275999041076,0.000114120925134987,0.999373603075824,0.000637550035290545,0.000175983472735892,0.999186466491974
"CACATTTTCCTAGTGA_NS_19","P3019","train","IV","IV","Advanced",1,"IV",2,"Myeloid cells","Myeloid cells","mo-Mac","mBrain","NS_19","mBrain",0.127996225766795,0.177713572945962,0.694290201287243,0.0063849969810682,0.00683706816630426,0.986777934852628,0.00650901003046798,0.00648843278183832,0.987002557187694,0.00140266692368589,0.00150247580568396,0.99709485727063,0.00134978042668454,0.00130412394407348,0.997346095629242
"GAACCTATCCTTCAAT_NS_04","P3004","train","IV","IV","Advanced",1,"IV",2,"Myeloid cells","Myeloid cells","mo-Mac","mBrain","NS_04","mBrain",0.395926136266017,0.0679789450677585,0.536094918666225,0.0403246396775851,0.000592931700175277,0.95908242862224,0.0385460785954436,0.000542542734154389,0.960911378670402,0.00896158358283193,0.00013202106639095,0.990906395350777,0.00923182446351741,0.000140081408168828,0.990628094128314
"TCACAAGTCTTCGAGA_NS_03","P3003","train","IV","IV","Advanced",1,"IV",2,"Epithelial cells","Epithelial cells","Malignant cells","mBrain","NS_03","mBrain",0.000755304092510315,0.00915307260126545,0.990091623306224,2.02390841216219e-05,0.000156275425326383,0.999823485490552,2.29669416907273e-05,0.000290333957799726,0.999686699100509,4.35403730576666e-06,3.36633781322257e-05,0.999961982584562,5.67279023645085e-06,6.46031668631715e-05,0.9999297240429
"CCTAGCTTCCTCCTAG_NS_17","P3017","train","IV","IV","Advanced",1,"IV",2,"Epithelial cells","Epithelial cells","Malignant cells","mBrain","NS_17","mBrain",0.000756299301283183,1.82483935571842e-07,0.999243518214781,1.1020112793356e-06,4.99027870771422e-08,0.999998848085934,9.96962320702226e-07,4.5440258834755e-08,0.999998957597421,2.35535236090802e-07,1.06752804990477e-08,0.999999753789483,2.35933952369886e-07,9.983062491935e-09,0.999999754082985
"CGGAGTCGTAGGGACT_NS_17","P3017","train","IV","IV","Advanced",1,"IV",2,"Epithelial cells","Epithelial cells","Malignant cells","mBrain","NS_17","mBrain",0.00331661245348701,3.08005304894652e-06,0.996680307493464,2.60103256927514e-05,7.85803669330262e-07,0.999973203870638,2.41560504761706e-05,7.29540632917704e-07,0.999975114408891,5.56810540242161e-06,1.68392047599025e-07,0.99999426350255,5.56461310208482e-06,1.59355182037527e-07,0.999994276031716
"AGAATAGCAATCGAAA_NS_17","P3017","train","IV","IV","Advanced",1,"IV",2,"Myeloid cells","Myeloid cells","Microglia/Mac","mBrain","NS_17","mBrain",0.0881510670054676,0.00919345306152762,0.902655479933005,0.0109357577380864,0.00352351269375579,0.985540729568158,0.0102920192381268,0.00289688075632898,0.986811100005544,0.00236762333784406,0.000763786342412134,0.996868590319744,0.00226896688028385,0.00064382952198966,0.997087203597726
"ACGTCAAGTTCCATGA_NS_03","P3003","train","IV","IV","Advanced",1,"IV",2,"Epithelial cells","Epithelial cells","Malignant cells","mBrain","NS_03","mBrain",0.00108479416240889,0.00821829684701979,0.990696908990571,4.36951902280672e-05,0.000107942622216227,0.999848362187556,4.92600088956586e-05,0.000191774547774901,0.99975896544333,9.40051104471516e-06,2.33031826308457e-05,0.999967296306325,1.246684597809e-05,4.59891028716496e-05,0.99994154405115
"CAGATCAGTAATCACC_NS_19","P3019","train","IV","IV","Advanced",1,"IV",2,"Myeloid cells","Myeloid cells","mo-Mac","mBrain","NS_19","mBrain",0.5572569981315,0.104985659019662,0.337757342848837,0.752222301768722,0.010993476606677,0.236784221624601,0.755291900696787,0.0112192850673398,0.233488814235873,0.401810305317848,0.00588746777724034,0.592302226904912,0.400681522113227,0.0059759436685762,0.593342534218197
"CAGCAGCTCTCTAGGA_NS_06","P3006","train","IV","IV","Advanced",1,"IV",2,"Oligodendrocytes",NA,NA,"mBrain","NS_06","mBrain",0.000128969260953357,0.0115735247297148,0.988297506009332,6.3536169276872e-08,0.00658271000043141,0.993417226463399,6.2626873503849e-08,0.00725771102569852,0.992742226347428,1.3769006252031e-08,0.00141612670993952,0.998583859521054,1.30456097438956e-08,0.00119077085290538,0.998809216101485
"TCGAGGCAGTGCTGCC_NS_13","P3013","train","IV","IV","Advanced",1,"IV",2,"B lymphocytes","B lymphocytes","Follicular B cells","mBrain","NS_13","mBrain",0.22938190699917,0.035821360303161,0.734796732697669,0.250010514437381,0.00871102962756774,0.741278455935051,0.25435107590108,0.00943606140381961,0.7362128626951,0.0672243251027755,0.0023464324189538,0.930429242478271,0.0663363359593975,0.00234308022928856,0.931320583811314
"GCTCCTAAGCGAAGGG_NS_06","P3006","train","IV","IV","Advanced",1,"IV",2,"Myeloid cells","Myeloid cells","CD163+CD14+ DCs","mBrain","NS_06","mBrain",0.146818064231352,0.161695248441217,0.691486687327431,0.0223064321660494,0.0129756151231479,0.964717952710803,0.0194451148737139,0.0112618538110231,0.969293031315263,0.00497046619876758,0.00290182083328549,0.992127712967947,0.0042821719557282,0.0025001387519788,0.993217689292293
"ACTGCTCTCAATCTCT_NS_06","P3006","train","IV","IV","Advanced",1,"IV",2,"Myeloid cells","Myeloid cells","Undetermined","mBrain","NS_06","mBrain",0.134902544046928,0.185372270821764,0.679725185131308,0.161754344450819,0.181804802033753,0.656440853515428,0.176175162286669,0.172584311551316,0.651240526162015,0.0472236157103507,0.0531224991729359,0.899653885116714,0.0486560367440886,0.0484674147084685,0.902876548547443
"GTAACTGTCAATACCG_NS_19","P3019","train","IV","IV","Advanced",1,"IV",2,"Fibroblasts","Fibroblasts","FB-like cells","mBrain","NS_19","mBrain",0.013813390192506,0.0458373030511313,0.940349306756363,5.80630992852555e-06,3.47584200844903e-05,0.999959435269987,6.66475508535893e-06,4.16172953322269e-05,0.999951717949582,1.25727148854484e-06,7.50993117481283e-06,0.999991232797337,1.24633305831877e-06,6.51950986229351e-06,0.999992234157079
"ATGGGAGCACATCCAA_NS_19","P3019","train","IV","IV","Advanced",1,"IV",2,"T lymphocytes","T/NK cells","CD8 low T","mBrain","NS_19","mBrain",0.0717053378663276,0.0129096994075649,0.915384962726107,0.00145385201043176,4.6406592791845e-06,0.998541507330289,0.00134580285919823,4.15253554642408e-06,0.998650044605255,0.000313921293880727,1.00476812354298e-06,0.999685073937996,0.000288776813280077,9.51615476254368e-07,0.999710271571244
"CGCCAAGTCTTCATGT_NS_13","P3013","train","IV","IV","Advanced",1,"IV",2,"MAST cells","MAST cells","MAST","mBrain","NS_13","mBrain",0.203417360013463,0.0320882474509398,0.764494392535597,0.0787530476300986,0.00706433934493534,0.914182613024966,0.0959276146087203,0.00889103573288704,0.895181349658393,0.0180828424658934,0.0016148946162784,0.980302262917828,0.0192584680030356,0.00198097706487033,0.978760554932094
"TAGAGCTAGCTGATAA_NS_16","P3016","train","IIIA","III","Advanced",1,"II_III",1,"B lymphocytes","B lymphocytes","MALT B cells","mBrain","NS_16","mBrain",0.167977848497599,0.427224669461605,0.404797482040795,0.0843365806381987,0.452758421767518,0.462904997594283,0.0851393282589162,0.4376489466811,0.477211725059984,0.0317584145883195,0.794398415456546,0.173843169955135,0.0322828164907144,0.779708660631484,0.188008522877801
"GTACTCCTCTTTACGT_NS_16","P3016","train","IIIA","III","Advanced",1,"II_III",1,"T lymphocytes","T/NK cells","CD8+/CD4+ Mixed Th","mBrain","NS_16","mBrain",0.535301625973275,0.355430928977885,0.10926744504884,0.68937624642223,0.214713127857171,0.0959106257205994,0.673988323755016,0.226745771916236,0.0992659043287484,0.385802131345425,0.560527977728748,0.0536698909258272,0.378386508841605,0.568578874289321,0.0530346168690741
"TACCTTATCTACCTGC_NS_13","P3013","train","IV","IV","Advanced",1,"IV",2,"MAST cells","MAST cells","MAST","mBrain","NS_13","mBrain",0.063993763728357,0.014460693718708,0.921545542552935,0.0315026181843075,0.000402611900174954,0.968094769915518,0.0359945755170061,0.000495785541163716,0.96350963894183,0.00691043622814042,8.81587776801117e-05,0.99300140499418,0.00711248188960314,0.000104133136855612,0.992783384973541
"TCTTTCCTCCCTAACC_NS_17","P3017","train","IV","IV","Advanced",1,"IV",2,"Myeloid cells","Myeloid cells","Microglia/Mac","mBrain","NS_17","mBrain",0.0219329675785275,0.00225090399654041,0.975816128424932,0.000303154478316684,5.26405917225983e-05,0.999644204929961,0.000280200786419354,4.53387870532034e-05,0.999674460426527,6.53727331427739e-05,1.13655486894076e-05,0.999923261718168,5.71402732240074e-05,1.01350740549831e-05,0.999932724652721
"ACACTGAAGAATCTCC_NS_17","P3017","train","IV","IV","Advanced",1,"IV",2,"Epithelial cells","Epithelial cells","Malignant cells","mBrain","NS_17","mBrain",0.000162413904353541,3.10418987950711e-08,0.999837555053748,3.71414981632614e-07,3.33377596401758e-08,0.999999595247259,3.20722336399383e-07,3.27422446508564e-08,0.999999646535419,7.92898666663911e-08,7.11315928190497e-09,0.999999913596974,7.67133219568048e-08,6.99180848134499e-09,0.99999991629487
"CCGGTAGAGGCAAAGA_NS_06","P3006","train","IV","IV","Advanced",1,"IV",2,"Myeloid cells","Myeloid cells","Undetermined","mBrain","NS_06","mBrain",0.0317325997876338,0.0343186883165583,0.933948711895808,0.00225951520317309,0.00142029681496789,0.996320187981859,0.00237192723900239,0.00139739397657284,0.996230678784425,0.000484578903238696,0.000304916272510115,0.999210504824251,0.00046065942821375,0.000283537340817842,0.999255803230968
"GACGGCTTCCACGCAG_NS_13","P3013","train","IV","IV","Advanced",1,"IV",2,"T lymphocytes",NA,NA,"mBrain","NS_13","mBrain",0.696887256585611,0.14452488804056,0.158587855373829,0.885555985040415,0.0505290734458202,0.0639149415137647,0.889616036965083,0.0453140589478813,0.0650699040870359,0.716854155319109,0.0409124525181158,0.242233392162775,0.713796362488048,0.037504488490431,0.248699149021521
"TTAACTCCAGCTGTGC_NS_19","P3019","train","IV","IV","Advanced",1,"IV",2,"Myeloid cells","Myeloid cells","mo-Mac","mBrain","NS_19","mBrain",0.0890361787939163,0.0633549116705981,0.847608909535486,0.0012585978429555,0.000246085722960232,0.998495316434084,0.0012023189450172,0.000212470838663041,0.99858521021632,0.00027344124877591,5.34953405988974e-05,0.999673063410625,0.000251080353612304,4.35916152078477e-05,0.99970532803118
"CAGCTGGCACATTCGA_NS_04","P3004","train","IV","IV","Advanced",1,"IV",2,"Myeloid cells","Myeloid cells","mo-Mac","mBrain","NS_04","mBrain",0.0238786616740175,0.0198093069632497,0.956312031362733,0.00134019985873792,0.000157653908185973,0.998502146233076,0.00122031205268914,0.000136211493470279,0.998643476453841,0.000287372842299826,3.38674584088615e-05,0.999678759699291,0.000257987251004966,2.99950884399199e-05,0.999712017660555
"TGCGTGGAGACGCAAC_NS_04","P3004","train","IV","IV","Advanced",1,"IV",2,"Epithelial cells","Epithelial cells","Malignant cells","mBrain","NS_04","mBrain",0.0465914852579888,3.34134230461789e-05,0.953375101318965,0.00221456366803068,9.08661992282635e-05,0.997694570132741,0.00222678238203175,0.000100237639798061,0.99767297997817,0.000474042209307628,1.94839831738437e-05,0.999506473807519,0.000558944709377923,2.41487008520601e-05,0.99941690658977
"AACTCAGCAGTAAGCG_NS_04","P3004","train","IV","IV","Advanced",1,"IV",2,"Epithelial cells","Epithelial cells","Malignant cells","mBrain","NS_04","mBrain",0.199807786566943,0.000580543998416985,0.79961166943464,0.0132425587942522,0.000279635041950517,0.986477806163797,0.0141011563605336,0.000290278416410676,0.985608565223056,0.00286937639859464,6.06955133963317e-05,0.997069928088009,0.00351158751825857,7.28229536649377e-05,0.996415589528077
"GCAAACTGTCAGAATA_NS_19","P3019","train","IV","IV","Advanced",1,"IV",2,"Myeloid cells","Myeloid cells","mo-Mac","mBrain","NS_19","mBrain",0.0344060595216399,0.112462150025704,0.853131790452656,0.00130266962125034,0.0139666101053719,0.984730720273378,0.0012742313091758,0.0120361391291818,0.986689629561642,0.000283257240049781,0.00303609523036638,0.996680647529584,0.000267078357407506,0.00253711073813805,0.997195810904454
"GGAACTTCAAGTACCT_NS_17","P3017","train","IV","IV","Advanced",1,"IV",2,"T lymphocytes","T/NK cells","Exhausted CD8+ T","mBrain","NS_17","mBrain",0.035587436833707,0.000478929883497467,0.963933633282796,0.00151804317069948,1.55758972230673e-05,0.998466380932078,0.00146726800948042,1.35133436263713e-05,0.998519218646893,0.00032506948205936,3.34275911745314e-06,0.999671587758823,0.000310437286450915,3.06410972829174e-06,0.999686498603821
"TTCTCAAGTCGCTTCT_NS_04","P3004","train","IV","IV","Advanced",1,"IV",2,"Epithelial cells","Epithelial cells","Malignant cells","mBrain","NS_04","mBrain",0.412824787378344,0.0114618414861264,0.57571337113553,0.0640275912658608,0.00658772602429425,0.929384682709845,0.0702170866780649,0.00724216985936219,0.922540743462573,0.014543830178536,0.00149914501050618,0.983957024810958,0.016602944818666,0.00194459701717241,0.981452458164162
"TGCACCTTCAGAAATG_NS_13","P3013","train","IV","IV","Advanced",1,"IV",2,"T lymphocytes","T/NK cells","Undetermined","mBrain","NS_13","mBrain",0.59447517955648,0.0746294824234858,0.330895338020034,0.774526315816056,0.00305477408608226,0.222418910097862,0.77266888186519,0.00286159649490984,0.2244695216399,0.426305736837117,0.00168343570981468,0.572010827453068,0.432430376568548,0.00160832867303407,0.565961294758418
"CCTACCAAGCCGGTAA_NS_03","P3003","train","IV","IV","Advanced",1,"IV",2,"Epithelial cells","Epithelial cells","Malignant cells","mBrain","NS_03","mBrain",0.00525323521236785,0.0740885147224094,0.920658250065223,0.000451717119695968,0.00152870163850126,0.998019581241803,0.000547249273774913,0.00262827555021463,0.99682447517601,9.71084014104692e-05,0.00032862157592604,0.999574270022663,0.000131633275141546,0.000520566580046961,0.999347800144811
"CGAGCCACACCAGCAC_NS_03","P3003","train","IV","IV","Advanced",1,"IV",2,"Epithelial cells","Epithelial cells","Malignant cells","mBrain","NS_03","mBrain",0.00437264352018667,0.0160964068003033,0.97953094967951,0.000167207314969215,0.000113054737278123,0.999719737947753,0.00018676982860727,0.000182077894765696,0.999631152276627,3.58804491856795e-05,2.43181514255145e-05,0.999939801399389,4.90521342804029e-05,4.68948497063637e-05,0.999904053016013
"CATGCCTCAATGGTCT_NS_13","P3013","train","IV","IV","Advanced",1,"IV",2,"B lymphocytes","B lymphocytes","Follicular B cells","mBrain","NS_13","mBrain",0.787740254691366,0.0695797864179621,0.142679958890672,0.981480238014693,0.0013239520434283,0.0171958099418786,0.981759514305163,0.00126391909701432,0.0169765665978224,0.923002638234446,0.0012501304185916,0.0757472313469628,0.921163044777199,0.00134944337127768,0.0774875118515233
"GGGATGACAAAGCAAT_NS_03","P3003","train","IV","IV","Advanced",1,"IV",2,"Epithelial cells","Epithelial cells","Malignant cells","mBrain","NS_03","mBrain",0.00912119089409284,0.0142987492867822,0.976580059819125,0.000933647448316424,0.000494666274028303,0.998571686277655,0.00102824901893426,0.00070512732065251,0.998266623660413,0.000199693168932686,0.00010604293310298,0.999694263897964,0.000227399975237021,0.000149518120178601,0.999623081904584
"ATAAGAGCATGTAAGA_NS_13","P3013","train","IV","IV","Advanced",1,"IV",2,"B lymphocytes","B lymphocytes","Plasma cells","mBrain","NS_13","mBrain",0.368414523123182,0.221358252426773,0.410227224450045,0.345835558664909,0.115223870544237,0.538940570790854,0.352412028621483,0.115846742511384,0.531741228867133,0.11622240087492,0.0387174469000939,0.845060152224986,0.114027252166943,0.0379505015136284,0.848022246319429
"CTGATAGTCGAACGGA_NS_19","P3019","train","IV","IV","Advanced",1,"IV",2,"Myeloid cells","Myeloid cells","CD1c+ DCs","mBrain","NS_19","mBrain",0.0704650435027519,0.0165397979803464,0.912995158516902,0.000609599089130588,1.45891291790905e-06,0.999388941997952,0.000558224115715714,1.31244968377505e-06,0.9994404634346,0.000129971238036473,3.12753219680918e-07,0.999869716008744,0.000112671301486533,2.85876619114521e-07,0.999887042821894
"GACGCGTCAGATAATG_NS_03","P3003","train","IV","IV","Advanced",1,"IV",2,"Epithelial cells","Epithelial cells","Malignant cells","mBrain","NS_03","mBrain",0.00275398511326154,0.0105447107588601,0.986701304127878,0.000165628211432379,0.000121252232622053,0.999713119555946,0.000183899427106928,0.000219451718525317,0.999596648854368,3.55684859315253e-05,2.60499021198195e-05,0.999938381611949,4.64355814029421e-05,4.67768296723955e-05,0.999906787588925
"TACTTACGTCTAAAGA_NS_17","P3017","train","IV","IV","Advanced",1,"IV",2,"Epithelial cells","Epithelial cells","Malignant cells","mBrain","NS_17","mBrain",0.00168720357660323,2.09513121540884e-05,0.998291845111243,3.83382943768746e-05,3.59036810127947e-06,0.999958071337522,3.44392083778587e-05,2.90325424027683e-06,0.999962657537382,8.16020039917996e-06,7.64545638287576e-07,0.999991075253963,7.50696825479236e-06,6.95953141682646e-07,0.999991797078604
"ACGGAGAGTTACAGAA_NS_03","P3003","train","IV","IV","Advanced",1,"IV",2,"Epithelial cells","Epithelial cells","Malignant cells","mBrain","NS_03","mBrain",0.00224068809557864,0.0151145064839089,0.982644805420513,7.92651054345906e-05,0.000217955105692239,0.999702779788873,9.51297607535826e-05,0.000374695797828704,0.999530174441418,1.70321567196841e-05,4.69108275343862e-05,0.999936057015746,2.23205956039687e-05,7.90645070442727e-05,0.999898614897352
"GGCGTGTCACACCGAC_NS_19","P3019","train","IV","IV","Advanced",1,"IV",2,"Myeloid cells","Myeloid cells","mo-Mac","mBrain","NS_19","mBrain",0.0928361900993523,0.0415395043936921,0.865624305506956,0.000895544102416559,5.39261582670538e-05,0.999050529739316,0.000865672857822029,4.55001496477295e-05,0.99908882699253,0.000195356631303655,1.17750294995697e-05,0.999792868339197,0.000182255267967304,9.9142357558045e-06,0.999807830496277
"TCGCGAGGTGTCTGAT_NS_17","P3017","train","IV","IV","Advanced",1,"IV",2,"T lymphocytes",NA,NA,"mBrain","NS_17","mBrain",0.0355902141669403,0.00429739384275117,0.960112391990309,0.00403587079477495,0.000251404125636485,0.995712725079589,0.00383854691417715,0.000227698109802008,0.995933754976021,0.000869508737432857,5.41896632054666e-05,0.999076301599362,0.00083590795988709,4.72946934856643e-05,0.999116797346627
"CCATGTCCAGTCAGAG_NS_03","P3003","train","IV","IV","Advanced",1,"IV",2,"Myeloid cells","Myeloid cells","Monocytes","mBrain","NS_03","mBrain",0.138160699253084,0.121419042247378,0.740420258499538,0.0247309350795844,0.00710027271487844,0.968168792205537,0.025556847836714,0.00934637384028362,0.965096778323002,0.00554201677407646,0.00159581008446713,0.992862173141456,0.00557630051987545,0.00194900652103904,0.992474692959085
"AGTCTTTTCAGATAAG_NS_04","P3004","train","IV","IV","Advanced",1,"IV",2,"Epithelial cells","Epithelial cells","Malignant cells","mBrain","NS_04","mBrain",0.167488995612918,0.00327283711003436,0.829238167277047,0.00767667130192569,0.00255749487293926,0.989765833825135,0.00792155249797491,0.00285287367009315,0.989225573831932,0.00166310755300893,0.000554206304837077,0.997782686142154,0.00174559825770543,0.000602581113424546,0.99765182062887
"ATTGGTGAGCGGCTTC_NS_17","P3017","train","IV","IV","Advanced",1,"IV",2,"Epithelial cells","Epithelial cells","Malignant cells","mBrain","NS_17","mBrain",0.00219984538701019,1.63677758361307e-05,0.997783786837154,4.28577635620198e-05,3.17173995593365e-06,0.999953970496482,3.64520707643813e-05,3.15014160794333e-06,0.999960397787628,9.15507041058525e-06,6.7837332357848e-07,0.999990166556266,7.96683921361316e-06,7.00134858930696e-07,0.999991333025927
"CGTTCTGAGAGCTGCA_NS_02","P3002","train","IV","IV","Advanced",1,"IV",2,"Myeloid cells","Myeloid cells","mo-Mac","mBrain","NS_02","mBrain",0.00110335919391683,0.00261612399491238,0.996280516811171,2.36795173318815e-07,2.3642408924019e-07,0.999999526780737,2.35498606468174e-07,2.0919979628186e-07,0.999999555301597,5.13994063611668e-08,5.1289542931684e-08,0.999999897311051,4.68837566739182e-08,3.74557020640148e-08,0.999999915660541
"TCTCTAAAGGGATACC_NS_02","P3002","train","IV","IV","Advanced",1,"IV",2,"Myeloid cells","Myeloid cells","mo-Mac","mBrain","NS_02","mBrain",0.0358690746690167,0.0195349653764347,0.944595959954549,5.99348430063764e-05,4.41816880981086e-06,0.999935646988184,5.13089733618808e-05,3.30911427104697e-06,0.999945381912367,1.30119891687707e-05,9.5994246354608e-07,0.999986028068368,1.15737438332789e-05,7.41051908969665e-07,0.999987685204258
"CTGCTGTAGTCGCCGT_NS_03","P3003","train","IV","IV","Advanced",1,"IV",2,"Epithelial cells","Epithelial cells","Malignant cells","mBrain","NS_03","mBrain",0.00307652075867241,0.0190362224514753,0.977887256789852,0.000134047493019274,0.000278759013940812,0.99958719349304,0.0001567089610868,0.000482709114190139,0.999360581924723,2.87254244387503e-05,5.97769840105374e-05,0.999911497591551,3.80869958795935e-05,9.33665835058877e-05,0.999868546420615
"ACGCCAGTCGCTTGTC_NS_16","P3016","train","IIIA","III","Advanced",1,"II_III",1,"Myeloid cells","Myeloid cells","mo-Mac","mBrain","NS_16","mBrain",0.0241567744190368,0.296200968538649,0.679642257042314,0.000347779731347531,0.026567249534179,0.973084970734473,0.000368305958949647,0.0246328786131013,0.974998815427949,0.000321139399169418,0.114347398076818,0.885331462524012,0.000320955802816393,0.0921770700646777,0.907501974132506
"CCATTCGGTGTTGAGG_NS_13","P3013","train","IV","IV","Advanced",1,"IV",2,"MAST cells","MAST cells","MAST","mBrain","NS_13","mBrain",0.0495143539915112,0.0195060859872214,0.930979560021267,0.0274188210062432,0.00238592466913361,0.970195254324623,0.0322302185619761,0.00341033631301486,0.964359445125009,0.00599087701267974,0.00051985484995235,0.993489268137368,0.00612233035493446,0.000687560084468786,0.993190109560597
"CAACTAGAGGGTGTGT_NS_02","P3002","train","IV","IV","Advanced",1,"IV",2,"Myeloid cells","Myeloid cells","mo-Mac","mBrain","NS_02","mBrain",0.00174129839481073,0.00603602208181067,0.992222679523379,7.93476107683762e-07,1.42446516195083e-06,0.99999778205873,7.87062659001653e-07,1.15131561740422e-06,0.999998061621724,1.70314908290727e-07,3.05636323966872e-07,0.999999524048768,1.64903721866628e-07,2.31705580433814e-07,0.999999603390698
"GGGATGACACATCTTT_NS_19","P3019","train","IV","IV","Advanced",1,"IV",2,"Myeloid cells","Myeloid cells","mo-Mac","mBrain","NS_19","mBrain",0.000651473085219869,0.000321390694839057,0.999027136219941,1.23760366600455e-08,1.55146822814276e-10,0.999999987468816,1.51108207381533e-08,1.91977728259785e-10,0.999999984697202,2.65568633384025e-09,3.33221536428115e-11,0.999999997310991,2.77958302451844e-09,3.72799531452497e-11,0.999999997183137
"TGACAACAGTGGGTTG_NS_03","P3003","train","IV","IV","Advanced",1,"IV",2,"Epithelial cells","Epithelial cells","Malignant cells","mBrain","NS_03","mBrain",0.0035459115560727,0.0715186331288611,0.924935455315066,0.000106582495009104,0.000417746048232266,0.999475671456759,0.000125885266305213,0.000698648857384777,0.99917546587631,2.28348029006124e-05,8.96632495421608e-05,0.999887501947557,3.0578430420493e-05,0.000155607762191434,0.999813813807388
