"Cell","Patient","split","Stage","Stage_broad","Stage_group","z_obs","Stage_cat","y_cat","Cell_type","Cell_type.refined","Cell_subtype","Tissue","Sample","Sample_Origin","naive_prob_I","naive_prob_II_III","naive_prob_IV","cat_em_prob_I","cat_em_prob_II_III","cat_em_prob_IV","cat_mcem_prob_I","cat_mcem_prob_II_III","cat_mcem_prob_IV","cat_em_soft_label_I","cat_em_soft_label_II_III","cat_em_soft_label_IV","cat_mcem_soft_label_I","cat_mcem_soft_label_II_III","cat_mcem_soft_label_IV"
"CTAATGGGTGAAATCA_NS_03","P3003","train","IV","IV","Advanced",1,"IV",2,"Epithelial cells","Epithelial cells","Malignant cells","mBrain","NS_03","mBrain",0.00468638024820048,0.0026414375566407,0.992672182195159,9.99999999998001e-13,9.99999999998001e-13,0.999999999998,9.99999999998001e-13,9.99999999998001e-13,0.999999999998,1.4285714285702e-12,1.4285714285702e-12,0.999999999997143,1.4285714285702e-12,1.4285714285702e-12,0.999999999997143
"CTAATGGGTATAAACG_NS_13","P3013","train","IV","IV","Advanced",1,"IV",2,"MAST cells","MAST cells","MAST","mBrain","NS_13","mBrain",0.557147624526629,0.197426659751429,0.245425715721942,0.923183403487817,0.0768159539113515,6.42600831617101e-07,0.93642841748226,0.06357094581343,6.3670430947549e-07,0.923353598804836,0.0766433686695276,3.03252563653967e-06,0.933721291958728,0.0662759469110225,2.76113024908782e-06
"CGTCACTGTCTTGTCC_NS_03","P3003","train","IV","IV","Advanced",1,"IV",2,"Epithelial cells","Epithelial cells","Malignant cells","mBrain","NS_03","mBrain",0.0144181175399373,0.00782816801937249,0.97775371444069,8.92773187432316e-12,9.99999999999048e-13,0.999999999990072,8.23804839918665e-12,9.99999999999054e-13,0.999999999990762,1.94833311356926e-12,1.42857142858102e-12,0.999999999996623,1.81370289593272e-12,1.42857142858032e-12,0.999999999996758
"CAGTCCTCATCATCCC_NS_02","P3002","train","IV","IV","Advanced",1,"IV",2,"Epithelial cells","Epithelial cells","Malignant cells","mBrain","NS_02","mBrain",0.152359098207162,0.0586100289052306,0.789030872887607,0.00116835162044564,2.256858578769e-05,0.998809079793767,0.00112729373905858,2.32591037190839e-05,0.998849447157222,0.000251794822687479,4.85394152724228e-06,0.999743351235785,0.000253232000357975,4.94694031909482e-06,0.999741821059323
"CTCGAGGAGCCACGCT_NS_17","P3017","train","IV","IV","Advanced",1,"IV",2,"Myeloid cells","Myeloid cells","Microglia/Mac","mBrain","NS_17","mBrain",0.19160336350199,0.111422190813998,0.696974445684012,0.0175687275073382,0.00263842656048412,0.979792845932178,0.0168361932526067,0.00281378472190266,0.980350022025491,0.00384374891506491,0.000576178358831715,0.995580072726103,0.00391924369428763,0.000617851833035805,0.995462904472676
"TGACAACGTTCACCTC_NS_03","P3003","train","IV","IV","Advanced",1,"IV",2,"Epithelial cells","Epithelial cells",NA,"mBrain","NS_03","mBrain",0.0200464118312554,0.0113734490766436,0.968580139092101,1.72482965621561e-10,4.30258228862543e-12,0.999999999823215,1.59783498552732e-10,5.11249233695313e-12,0.999999999835104,3.75729554585376e-11,1.42857142877241e-12,0.999999999960999,3.5324636458602e-11,1.42857142876081e-12,0.999999999963247
"GCGACCAAGAGCTGCA_NS_02","P3002","train","IV","IV","Advanced",1,"IV",2,"Myeloid cells","Myeloid cells","mo-Mac","mBrain","NS_02","mBrain",0.226208704564274,0.153564490495292,0.620226804940434,0.0103700196377062,0.00345888094771249,0.986171099414581,0.0100615800009229,0.00347502999491873,0.986463390004158,0.00225938934752375,0.000754583248166722,0.99698602740431,0.00229509973368517,0.000798880139776736,0.996906020126538
"AGGCCGTGTTGGTTTG_NS_16","P3016","train","IIIA","III","Advanced",1,"II_III",1,"Oligodendrocytes",NA,NA,"mBrain","NS_16","mBrain",0.00241529583977787,0.54117696533091,0.456407738829312,0.000485609435473823,0.985647746124901,0.0138666444396252,0.000723724973004061,0.982866112711035,0.0164101623159605,0.000104567053349657,0.996873629064028,0.00302180388262205,0.000173233146166645,0.9962934425183,0.00353332433553355
"AAAGTAGAGAATTCCC_NS_17","P3017","train","IV","IV","Advanced",1,"IV",2,"Myeloid cells","Myeloid cells","Microglia/Mac","mBrain","NS_17","mBrain",0.239108851028082,0.131019830697556,0.629871318274362,0.139711957318762,0.0207832599330056,0.839504782748232,0.134673579647146,0.021787003749836,0.843539416603018,0.0343550714030363,0.00509906255840241,0.960545866038561,0.0351047800040513,0.00535203884266077,0.959543181153288
"ATCATGGGTTGTGGAG_NS_03","P3003","train","IV","IV","Advanced",1,"IV",2,"Epithelial cells","Epithelial cells","Malignant cells","mBrain","NS_03","mBrain",0.028532205711531,0.0132435209025084,0.958224273385961,3.27741675881008e-10,2.06827446218039e-12,0.99999999967019,3.0539382140077e-10,2.31826789709938e-12,0.999999999692288,7.13654746418469e-11,1.42857142894621e-12,0.999999999927206,6.64297391203615e-11,1.42857142892034e-12,0.999999999932142
"AGAGCGAAGGTGTGGT_NS_02","P3002","train","IV","IV","Advanced",1,"IV",2,"Myeloid cells","Myeloid cells","mo-Mac","mBrain","NS_02","mBrain",0.178968590308957,0.122151618904905,0.698879790786138,0.000470320592325854,0.00016092474378971,0.999368754663885,0.000455238434474943,0.00015827283747058,0.999386488728054,0.000101630748990371,3.47802797806505e-05,0.999863588971229,0.000100802188912302,3.52305239504872e-05,0.999863967287137
"GCATGATGTGAGGGTT_NS_13","P3013","train","IV","IV","Advanced",1,"IV",2,"T lymphocytes","T/NK cells","Undetermined","mBrain","NS_13","mBrain",0.560571858852957,0.205841861556413,0.23358627959063,0.726225114628924,0.273771972604485,2.91276659106672e-06,0.722653383989523,0.277343755806966,2.86020351086955e-06,0.727968936633473,0.272017314785055,1.37485814726686e-05,0.72783776944074,0.27214907943299,1.3151126270384e-05
"GACTAACGTTTGGGCC_NS_02","P3002","train","IV","IV","Advanced",1,"IV",2,"T lymphocytes","T/NK cells","CD4+ Th","mBrain","NS_02","mBrain",0.3458068610967,0.126402458057088,0.527790680846212,0.162621999501337,0.0153959482496623,0.821982052249001,0.160155647373094,0.0147347006309401,0.825109651995966,0.0405635154089679,0.00382359481413889,0.955612889776893,0.040129606897708,0.00364211044815323,0.956228282654139
"CGTTAGATCGCCATAA_NS_16","P3016","train","IIIA","III","Advanced",1,"II_III",1,"NK cells","T/NK cells","NK","mBrain","NS_16","mBrain",0.229725587128264,0.159966731496433,0.610307681375304,0.153471148925041,0.033248746816911,0.813280104258048,0.155246526873089,0.035300978304312,0.809452494822599,0.13689767280989,0.13793596911592,0.72516635807419,0.137401310808559,0.144926057465613,0.717672631725827
"GTAACTGGTTCTCATT_NS_16","P3016","train","IIIA","III","Advanced",1,"II_III",1,"B lymphocytes","B lymphocytes","MALT B cells","mBrain","NS_16","mBrain",0.337443604407921,0.0952451300535359,0.567311265538543,0.55310628002998,0.00972661360537729,0.437167106364643,0.558444173751611,0.0103010623301842,0.431254763918205,0.53392298607068,0.0436943074447636,0.422382706484556,0.539338184444177,0.0450992692803196,0.415562546275503
"GACTACACACCGCTAG_NS_03","P3003","train","IV","IV","Advanced",1,"IV",2,"Epithelial cells","Epithelial cells","Malignant cells","mBrain","NS_03","mBrain",0.0041742331122508,0.00309995722809682,0.992725809659652,9.99999999998001e-13,9.99999999998001e-13,0.999999999998,9.99999999998000e-13,9.99999999998000e-13,0.999999999998,1.4285714285702e-12,1.4285714285702e-12,0.999999999997143,1.4285714285702e-12,1.4285714285702e-12,0.999999999997143
"GTCGGGTCAAAGGAAG_NS_19","P3019","train","IV","IV","Advanced",1,"IV",2,"Myeloid cells","Myeloid cells","mo-Mac","mBrain","NS_19","mBrain",0.204248839208109,0.126903332151078,0.668847828640813,0.00705533675376256,0.00130280789979018,0.991641855346447,0.00680142986144551,0.00132510319865487,0.9918734669399,0.00152984279397926,0.000282651550597748,0.998187505655423,0.0015674744391409,0.000298034595417988,0.998134490965441
"GGCCGATTCACGATGT_NS_19","P3019","train","IV","IV","Advanced",1,"IV",2,"Myeloid cells","Myeloid cells","mo-Mac","mBrain","NS_19","mBrain",0.183294735743101,0.0995288753401902,0.717176388916709,0.00135224367621577,0.00017712986094041,0.998470626462844,0.00131290602375679,0.000186187244084521,0.998500906732159,0.000291805143386369,3.81782876571287e-05,0.999670016568956,0.000292674970500998,4.0099904469334e-05,0.99966722512503
"GATCAGTAGCATCATC_NS_02","P3002","train","IV","IV","Advanced",1,"IV",2,"Myeloid cells","Myeloid cells","mo-Mac","mBrain","NS_02","mBrain",0.126611493322927,0.0928779622601448,0.780510544416928,2.18121241669092e-05,9.21547367072892e-06,0.999968972402162,2.07185801855716e-05,9.52359030720018e-06,0.999969757829507,4.72180194041766e-06,1.99262045707238e-06,0.999993285577602,4.64554926294132e-06,2.05867197969815e-06,0.999993295778757
"GCGCGATTCTAACTTC_NS_04","P3004","train","IV","IV","Advanced",1,"IV",2,"Epithelial cells","Epithelial cells","Malignant cells","mBrain","NS_04","mBrain",0.0598711391618887,0.0334153445782346,0.906713516259877,2.53114651968735e-06,8.54868762620379e-08,0.999997383366604,2.38542896603935e-06,9.22348896585872e-08,0.999997522336144,5.47689466117412e-07,1.83905768790071e-08,0.999999433919957,5.27475636807722e-07,1.76617206840973e-08,0.999999454862643
"GGGAGATTCTTCGGTC_NS_19","P3019","train","IV","IV","Advanced",1,"IV",2,"Myeloid cells","Myeloid cells","mo-Mac","mBrain","NS_19","mBrain",0.165036586494327,0.0935664147922974,0.741396998713375,0.000106524136575547,6.66520942540659e-05,0.99982682376917,9.99468198428953e-05,7.0338947105868e-05,0.999829714233051,2.30497767464809e-05,1.43489143167705e-05,0.999962601308937,2.22515705632248e-05,1.46856977156894e-05,0.999963062731721
"TTCTTAGTCAGCCTAA_NS_02","P3002","train","IV","IV","Advanced",1,"IV",2,"T lymphocytes","T/NK cells","Treg","mBrain","NS_02","mBrain",0.344435957225092,0.145594591746147,0.509969451028761,0.208060333070309,0.0322259776751923,0.759713689254498,0.206078321474234,0.0324415252252448,0.761480153300522,0.0550193527005897,0.00847893757311441,0.936501709726296,0.0542757021251244,0.00827176773861312,0.937452530136263
"AGTCTTTGTGAAAGAG_NS_04","P3004","train","IV","IV","Advanced",1,"IV",2,"T lymphocytes","T/NK cells","Exhausted CD8+ T","mBrain","NS_04","mBrain",0.326213115224915,0.169233776769598,0.504553108005487,0.32549871712746,0.0336551717465276,0.640846111126013,0.324561497757485,0.0332336546482088,0.642204847594306,0.0972116403827052,0.0100275103307373,0.892760849286558,0.096691370600643,0.00996299819070105,0.893345631208656
"CTACATTCACTTGGAT_NS_19","P3019","train","IV","IV","Advanced",1,"IV",2,"B lymphocytes","B lymphocytes","Plasma cells","mBrain","NS_19","mBrain",0.322495787064797,0.0916242527787053,0.585879960156498,0.441425255169934,0.0119514209226731,0.546623323907393,0.44106086750983,0.0129871212622403,0.54595201122793,0.146917706206572,0.00395991812025318,0.849122375673175,0.148756118039907,0.00414708716292471,0.847096794797169
"GGATTACTCGCCCTTA_NS_17","P3017","train","IV","IV","Advanced",1,"IV",2,"Fibroblasts","Fibroblasts","Pericytes","mBrain","NS_17","mBrain",0.192059751430741,0.443236551936502,0.364703696632757,0.0912143525114401,0.00209362501246402,0.906692022476096,0.105502209415614,0.00128001637846447,0.893217774205921,0.0209958837668833,0.000491127112406955,0.97851298912071,0.0198772751003476,0.000301485994290627,0.979821238905362
"ATCATCTAGGGATCTG_NS_17","P3017","train","IV","IV","Advanced",1,"IV",2,"Epithelial cells","Epithelial cells","Malignant cells","mBrain","NS_17","mBrain",0.184029270849126,0.0942331190127854,0.721737610138089,0.19114029937015,0.0027016244413845,0.806158076188466,0.188303314941891,0.00286987025147865,0.80882681480663,0.0483263824553465,0.000681539060396335,0.950992078484257,0.0501289337638365,0.000681099118563665,0.9491899671176
"CTGCCTACACGGTAAG_NS_19","P3019","train","IV","IV","Advanced",1,"IV",2,"Epithelial cells","Epithelial cells","Malignant cells","mBrain","NS_19","mBrain",0.0427271559102637,0.0265917731016909,0.930681070988045,6.8448811349559e-08,1.11868791402074e-09,0.999999930432501,6.55813754092403e-08,1.22384819435962e-09,0.999999933194776,1.48348681154825e-08,2.42142042167887e-10,0.99999998492299,1.44796822195145e-08,2.41556537604843e-10,0.999999985278761
"TTGGCAATCGAATGCT_NS_19","P3019","train","IV","IV","Advanced",1,"IV",2,"Epithelial cells","Epithelial cells","Malignant cells","mBrain","NS_19","mBrain",0.0561206247972276,0.0343938259226073,0.909485549280165,1.91865411406755e-06,6.23027219637465e-08,0.999998019043164,1.81308987303215e-06,6.77578046618193e-08,0.999998119152322,4.15232911521932e-07,1.3439536329798e-08,0.999999571327552,4.03679798228859e-07,1.34462647677217e-08,0.999999582873937
"CAGAATCCACATGACT_NS_04","P3004","train","IV","IV","Advanced",1,"IV",2,"Myeloid cells","Myeloid cells","mo-Mac","mBrain","NS_04","mBrain",0.218614725481406,0.135728591798902,0.645656682719692,0.00319217894706876,0.000676337492250373,0.996131483560681,0.00306923877952274,0.000671050053608322,0.996259711166869,0.000690865350028665,0.000146576841792601,0.999162557808179,0.000694297755118681,0.000151660059153117,0.999154042185728
"TGAGGGATCAGCACAT_NS_02","P3002","train","IV","IV","Advanced",1,"IV",2,"Oligodendrocytes",NA,NA,"mBrain","NS_02","mBrain",0.000813145777671496,0.475900360863718,0.523286493358611,0.00011780257300232,0.37440191182274,0.625480285604257,0.000165717681971607,0.317911191853503,0.681923090464526,3.53981852273936e-05,0.113868312539003,0.88609628927577,5.26853423982858e-05,0.0943996516235686,0.905547663034033
"TCCACACTCAGCCTAA_NS_19","P3019","train","IV","IV","Advanced",1,"IV",2,"Fibroblasts","Endothelial cells","Tumor ECs","mBrain","NS_19","mBrain",0.321746386066876,0.0336378562590962,0.644615757674028,0.00559657030566477,1.71829897047167e-07,0.994403257864438,0.00538476395925894,5.84990501879707e-08,0.994615177541691,0.00120767597366321,3.77908529497183e-08,0.998792286235484,0.00122485071057869,1.97930400282131e-08,0.998775129496381
"CACATTTTCGGCGGTT_NS_13","P3013","train","IV","IV","Advanced",1,"IV",2,"Epithelial cells","Epithelial cells","Malignant cells","mBrain","NS_13","mBrain",0.728653707905051,0.185479301420784,0.0858669906741647,0.70971312247681,0.290286877522189,9.99999999999002e-13,0.71252278390514,0.28747721609386,9.99999999999002e-13,0.712898072948457,0.287101927044877,6.66666666662889e-12,0.730140581337748,0.269859418655586,6.66666666662889e-12
"CACCTTGAGCTAACAA_NS_02","P3002","train","IV","IV","Advanced",1,"IV",2,"NK cells","T/NK cells","NK","mBrain","NS_02","mBrain",0.313213376022082,0.157513515651547,0.52927310832637,0.147050049633876,0.0192013016166346,0.833748648749489,0.147877258416412,0.0196346497285585,0.832488091855029,0.0362919943093526,0.00472632765563573,0.958981678035012,0.0356411453513979,0.00492171274391509,0.959437141904687
"TCCCGATCAGTTAACC_NS_17","P3017","train","IV","IV","Advanced",1,"IV",2,"Epithelial cells","Epithelial cells","Malignant cells","mBrain","NS_17","mBrain",0.142437184846469,0.0629250478034084,0.794637767350122,0.0220634943554234,0.000480684784668083,0.977455820859909,0.0213313945470352,0.000533549326575551,0.978135056126389,0.00482369185597632,0.000104618471118456,0.995071689672905,0.00497861657123407,0.000111012543349669,0.994910370885416
"TGTTCCGCAGCGTAAG_NS_02","P3002","train","IV","IV","Advanced",1,"IV",2,"B lymphocytes","B lymphocytes","Follicular B cells","mBrain","NS_02","mBrain",0.37997755371808,0.0842574666594295,0.53576497962249,0.646664125825915,0.00503311218957093,0.348302761984514,0.653289341179989,0.00487339832659991,0.341837260493411,0.283780141150341,0.00220661993852088,0.714013238911138,0.289702216570145,0.00218124636593995,0.708116537063915
"ATGCGATAGTAGCGGT_NS_03","P3003","train","IV","IV","Advanced",1,"IV",2,"Epithelial cells","Epithelial cells","Malignant cells","mBrain","NS_03","mBrain",0.00666552280236042,0.00318103936859791,0.990153437829042,9.99999999998004e-13,9.99999999998004e-13,0.999999999998,9.99999999998003e-13,9.99999999998003e-13,0.999999999998,1.4285714285702e-12,1.4285714285702e-12,0.999999999997143,1.4285714285702e-12,1.4285714285702e-12,0.999999999997143
"CGTGAGCGTTGTACAC_NS_13","P3013","train","IV","IV","Advanced",1,"IV",2,"Epithelial cells","Epithelial cells","Malignant cells","mBrain","NS_13","mBrain",0.76898909833433,0.175793144018743,0.0552177576469269,0.921057673350958,0.0789423266480423,9.99999999999008e-13,0.923390011960818,0.0766099880381817,9.99999999999007e-13,0.921824997651516,0.0781750023418173,6.66666666662889e-12,0.928489511540781,0.0715104884525526,6.66666666662889e-12
"ACTGAACAGGGTGTTG_NS_19","P3019","train","IV","IV","Advanced",1,"IV",2,"Myeloid cells","Myeloid cells","mo-Mac","mBrain","NS_19","mBrain",0.199652084904687,0.129880287709484,0.670467627385828,0.00363393901279113,0.00114002795935704,0.995226033027852,0.00346978684339981,0.0011945031205423,0.995335710036058,0.000786554460712131,0.000246291179244275,0.998967154360044,0.00078585475722327,0.000254711269188927,0.998959433973588
"GGCTCGACATGTAGTC_NS_03","P3003","train","IV","IV","Advanced",1,"IV",2,"Epithelial cells","Epithelial cells","Malignant cells","mBrain","NS_03","mBrain",0.0188027607938897,0.00916403491910338,0.972033204287007,3.81445053317832e-11,9.99999999999132e-13,0.999999999960856,3.55829296066318e-11,9.99999999999143e-13,0.999999999963417,8.31184206884189e-12,1.42857142861435e-12,0.99999999999026,7.89088188220658e-12,1.42857142861215e-12,0.99999999999068
"CACATTTTCCTAGTGA_NS_19","P3019","train","IV","IV","Advanced",1,"IV",2,"Myeloid cells","Myeloid cells","mo-Mac","mBrain","NS_19","mBrain",0.177695683513203,0.110542410946496,0.711761905540301,0.000253007664597627,0.000126940737237961,0.999620051598164,0.000239969837358337,0.000134421692796889,0.999625608469845,5.47059809595889e-05,2.7357941460654e-05,0.99991793607758,5.30736885224402e-05,2.8198666726972e-05,0.999918727644751
"GAACCTATCCTTCAAT_NS_04","P3004","train","IV","IV","Advanced",1,"IV",2,"Myeloid cells","Myeloid cells","mo-Mac","mBrain","NS_04","mBrain",0.258660000551416,0.140665116178142,0.600674883270442,0.0199029313490898,0.00310151016855852,0.976995558482352,0.0193597030483271,0.00307822149651157,0.977562075455161,0.00436601487700744,0.000681187087658456,0.994952798035334,0.00439057244276564,0.000703734698533087,0.994905692858701
"TCACAAGTCTTCGAGA_NS_03","P3003","train","IV","IV","Advanced",1,"IV",2,"Epithelial cells","Epithelial cells","Malignant cells","mBrain","NS_03","mBrain",0.00483376016207603,0.00349305435909219,0.991673185478832,9.99999999998003e-13,9.99999999998003e-13,0.999999999998,9.99999999998003e-13,9.99999999998003e-13,0.999999999998,1.4285714285702e-12,1.4285714285702e-12,0.999999999997143,1.4285714285702e-12,1.4285714285702e-12,0.999999999997143
"CCTAGCTTCCTCCTAG_NS_17","P3017","train","IV","IV","Advanced",1,"IV",2,"Epithelial cells","Epithelial cells","Malignant cells","mBrain","NS_17","mBrain",0.171828336662277,0.0966736559863176,0.731498007351406,0.659712167111075,0.0126523419683874,0.327635490920538,0.650564522263955,0.0133958009263732,0.336039676809672,0.299556791220033,0.00572002448500714,0.69472318429496,0.307220763563643,0.00550135473369815,0.687277881702658
"CGGAGTCGTAGGGACT_NS_17","P3017","train","IV","IV","Advanced",1,"IV",2,"Epithelial cells","Epithelial cells","Malignant cells","mBrain","NS_17","mBrain",0.159634365135587,0.0826734672346124,0.757692167629801,0.234473370737434,0.00355683555286126,0.761969793709705,0.227833370250452,0.00372066697278322,0.768445962776765,0.0618409254644251,0.000934796525248526,0.937224278010326,0.0639555504544633,0.000919186819999965,0.935125262725537
"AGAATAGCAATCGAAA_NS_17","P3017","train","IV","IV","Advanced",1,"IV",2,"Myeloid cells","Myeloid cells","Microglia/Mac","mBrain","NS_17","mBrain",0.268277193225155,0.19969293302656,0.532029873748286,0.735400999897217,0.184565365396739,0.0800336347060448,0.72289330889227,0.197568945127416,0.0795377459803134,0.568501075842725,0.142464604316057,0.289034319841218,0.576152380682959,0.147684018093256,0.276163601223785
"ACGTCAAGTTCCATGA_NS_03","P3003","train","IV","IV","Advanced",1,"IV",2,"Epithelial cells","Epithelial cells","Malignant cells","mBrain","NS_03","mBrain",0.00397062113969338,0.00254695469675461,0.993482424163552,9.99999999998000e-13,9.99999999998000e-13,0.999999999998,9.99999999998e-13,9.99999999998e-13,0.999999999998,1.4285714285702e-12,1.4285714285702e-12,0.999999999997143,1.4285714285702e-12,1.4285714285702e-12,0.999999999997143
"CAGATCAGTAATCACC_NS_19","P3019","train","IV","IV","Advanced",1,"IV",2,"Myeloid cells","Myeloid cells","mo-Mac","mBrain","NS_19","mBrain",0.303926690374217,0.139358092076006,0.556715217549776,0.186805357008101,0.019834807737444,0.793359835254455,0.182596258272438,0.0193654902469002,0.798038251480661,0.0479261605255512,0.00509051390042035,0.946983325574028,0.049020340507739,0.00518322441872807,0.945796435073533
"CAGCAGCTCTCTAGGA_NS_06","P3006","train","IV","IV","Advanced",1,"IV",2,"Oligodendrocytes",NA,NA,"mBrain","NS_06","mBrain",0.00250466779752711,0.322867263772554,0.674628068429919,4.05863301006766e-05,0.0209473027103476,0.979012110959552,4.927636063246e-05,0.0191400101407711,0.980810713498596,8.79619916914596e-06,0.00457051353778045,0.99542069026305,1.16032523007667e-05,0.00408080256050774,0.995907594187192
"TCGAGGCAGTGCTGCC_NS_13","P3013","train","IV","IV","Advanced",1,"IV",2,"B lymphocytes","B lymphocytes","Follicular B cells","mBrain","NS_13","mBrain",0.577414367404277,0.114045417347643,0.308540215248081,0.969693902774891,0.0302606657614395,4.54314636690364e-05,0.969033333416603,0.030922244320832,4.44222625649833e-05,0.969713488721732,0.0300730411313653,0.000213470146902786,0.969519546876761,0.0302775549091407,0.000202898214098707
"GCTCCTAAGCGAAGGG_NS_06","P3006","train","IV","IV","Advanced",1,"IV",2,"Myeloid cells","Myeloid cells","CD163+CD14+ DCs","mBrain","NS_06","mBrain",0.207078009767467,0.122095634501667,0.670826355730866,0.000203483348948873,8.55621858683117e-05,0.999710954465183,0.000195215097082427,8.21922517130701e-05,0.999722592651205,4.40420094687636e-05,1.85295608961652e-05,0.999937428429635,4.27925703931071e-05,1.85724423612437e-05,0.999938634987246
"ACTGCTCTCAATCTCT_NS_06","P3006","train","IV","IV","Advanced",1,"IV",2,"Myeloid cells","Myeloid cells","Undetermined","mBrain","NS_06","mBrain",0.269123805657111,0.164017856240155,0.566858338102734,0.215769464907487,0.0836955092537099,0.700535025838803,0.209996953308671,0.0911679454495758,0.698835101241753,0.0606051537727367,0.023437623927266,0.915957222299997,0.0617434141159292,0.0252019902837692,0.913054595600302
"GTAACTGTCAATACCG_NS_19","P3019","train","IV","IV","Advanced",1,"IV",2,"Fibroblasts","Fibroblasts","FB-like cells","mBrain","NS_19","mBrain",0.276419428286917,0.392468274809747,0.331112296903337,0.00401964378927726,0.00437575607320794,0.991604600137515,0.00439609058105634,0.00521034832346158,0.990393561095482,0.000869893647544888,0.000946473878306458,0.998183632474149,0.000700463882181597,0.000792255313964309,0.998507280803854
"ATGGGAGCACATCCAA_NS_19","P3019","train","IV","IV","Advanced",1,"IV",2,"T lymphocytes","T/NK cells","CD8 low T","mBrain","NS_19","mBrain",0.290035734286459,0.101101027359204,0.608863238354337,0.0369517837200374,0.00146635954824265,0.96158185673172,0.0360609493864394,0.00145397704327611,0.962485073570284,0.00818358011357811,0.000323693749194578,0.991492726137227,0.00811332083246753,0.000318602219103791,0.991568076948429
"CGCCAAGTCTTCATGT_NS_13","P3013","train","IV","IV","Advanced",1,"IV",2,"MAST cells","MAST cells","MAST","mBrain","NS_13","mBrain",0.608452410105067,0.252514387946675,0.139033201948258,0.823445354199746,0.176554645282896,5.17357877045152e-10,0.862181605567542,0.137818393910219,5.22239397038577e-10,0.823879058622665,0.176120938920873,2.45646244080347e-09,0.855263009897334,0.144736987900373,2.20229249320089e-09
"TAGAGCTAGCTGATAA_NS_16","P3016","train","IIIA","III","Advanced",1,"II_III",1,"B lymphocytes","B lymphocytes","MALT B cells","mBrain","NS_16","mBrain",0.281799016485933,0.0849537861808347,0.633247197333233,0.10396960473999,0.00250165222427517,0.893528743035735,0.105427640507263,0.00268040028645115,0.891891959206286,0.103117751350079,0.0115402196592162,0.885342028990704,0.104421896717986,0.0119907810284279,0.883587322253586
"GTACTCCTCTTTACGT_NS_16","P3016","train","IIIA","III","Advanced",1,"II_III",1,"T lymphocytes","T/NK cells","CD8+/CD4+ Mixed Th","mBrain","NS_16","mBrain",0.331817263004762,0.120654830605241,0.547527906389996,0.0870596988319995,0.00951386141027419,0.903426439757726,0.0861922616689704,0.00961965228883028,0.904188086042199,0.0842766892196692,0.0427408810265351,0.872982429753796,0.0824967325792881,0.0421931171464021,0.87531015027431
"TACCTTATCTACCTGC_NS_13","P3013","train","IV","IV","Advanced",1,"IV",2,"MAST cells","MAST cells","MAST","mBrain","NS_13","mBrain",0.646266828950129,0.195155967623038,0.158577203426833,0.919631099869675,0.0803688943513616,5.77896320864613e-09,0.938881448178076,0.0611185460465446,5.77537919504991e-09,0.919791800028916,0.0802081725989789,2.73721051501591e-08,0.934250497762782,0.0657494778165728,2.4420645243175e-08
"TCTTTCCTCCCTAACC_NS_17","P3017","train","IV","IV","Advanced",1,"IV",2,"Myeloid cells","Myeloid cells","Microglia/Mac","mBrain","NS_17","mBrain",0.289704556937717,0.175990131210635,0.534305311851648,0.403008347359596,0.109586426006575,0.487405226633829,0.396296856823614,0.114362303434534,0.489340839741852,0.144855196719704,0.0393574022687468,0.815787401011549,0.147394202008737,0.0417468443567462,0.810858953634516
"ACACTGAAGAATCTCC_NS_17","P3017","train","IV","IV","Advanced",1,"IV",2,"Epithelial cells","Epithelial cells","Malignant cells","mBrain","NS_17","mBrain",0.139949462083197,0.0845605331048299,0.775490004811973,0.402220043796878,0.00407379341062565,0.593706162792496,0.392849635055518,0.00427221908190135,0.60287814586258,0.126584781592591,0.00127933096778499,0.872135887439624,0.13230602476169,0.00125606391968408,0.866437911318626
"CCGGTAGAGGCAAAGA_NS_06","P3006","train","IV","IV","Advanced",1,"IV",2,"Myeloid cells","Myeloid cells","Undetermined","mBrain","NS_06","mBrain",0.261534964406891,0.133508286504123,0.604956749088986,0.109883057143489,0.0182514063050708,0.871865536551441,0.10809108168946,0.0193331843410012,0.872575733969539,0.0262396341536565,0.00434841052166494,0.969411955324679,0.0268745165427985,0.00461644433967227,0.968509039117529
"GACGGCTTCCACGCAG_NS_13","P3013","train","IV","IV","Advanced",1,"IV",2,"T lymphocytes",NA,NA,"mBrain","NS_13","mBrain",0.459655751709973,0.168413395288952,0.371930853001075,0.928067474633795,0.0708610409308293,0.00107148443537557,0.928017005447111,0.0709248178713917,0.00105817668149714,0.92473056184757,0.0702589983885248,0.00501043976390567,0.927147691254817,0.0680393557008533,0.00481295304432958
"TTAACTCCAGCTGTGC_NS_19","P3019","train","IV","IV","Advanced",1,"IV",2,"Myeloid cells","Myeloid cells","mo-Mac","mBrain","NS_19","mBrain",0.18898548182163,0.104718771562571,0.706295746615799,0.000608472207552308,0.00024654066169452,0.999144987130753,0.000579542348996146,0.000251723407228455,0.999168734243775,0.000131490140796114,5.30588724804922e-05,0.999815450986723,0.00012764842913968,5.29261024134418e-05,0.999819425468447
"CAGCTGGCACATTCGA_NS_04","P3004","train","IV","IV","Advanced",1,"IV",2,"Myeloid cells","Myeloid cells","mo-Mac","mBrain","NS_04","mBrain",0.210465830799369,0.106671855000591,0.68286231420004,0.000442713411595956,8.65310852518919e-05,0.999470755503152,0.000419659410350935,8.2667645868822e-05,0.99949767294378,9.57256230655543e-05,1.87086909643354e-05,0.99988556568597,9.4137154064171e-05,1.85615538240703e-05,0.999887301292112
"TGCGTGGAGACGCAAC_NS_04","P3004","train","IV","IV","Advanced",1,"IV",2,"Epithelial cells","Epithelial cells","Malignant cells","mBrain","NS_04","mBrain",0.18878528861592,0.0907981263232593,0.720416585060821,0.866091048895697,0.0145673221048365,0.119341628999467,0.859816074236293,0.0158159189583639,0.124368006805343,0.602180562222993,0.0100771388521934,0.387742298924814,0.612262824640043,0.0098125981798802,0.377924577180077
"AACTCAGCAGTAAGCG_NS_04","P3004","train","IV","IV","Advanced",1,"IV",2,"Epithelial cells","Epithelial cells","Malignant cells","mBrain","NS_04","mBrain",0.0898472562862015,0.0435170210702263,0.866635722643572,0.000509552801744017,1.63615971050755e-05,0.999474085601151,0.00047248602080455,1.64734593477833e-05,0.999511040519848,0.000109959469107077,3.50726322425714e-06,0.999886533267669,0.000107866316176372,3.29462786269936e-06,0.999888839055961
"GCAAACTGTCAGAATA_NS_19","P3019","train","IV","IV","Advanced",1,"IV",2,"Myeloid cells","Myeloid cells","mo-Mac","mBrain","NS_19","mBrain",0.229246980175541,0.176565567486422,0.594187452338037,0.0456686545158555,0.0207725205938603,0.933558824890284,0.0441303188725497,0.0207183048849737,0.935151376242477,0.0103695115748399,0.00472317141843771,0.984907317006722,0.0106965457819142,0.00499899560812317,0.984304458609963
"GGAACTTCAAGTACCT_NS_17","P3017","train","IV","IV","Advanced",1,"IV",2,"T lymphocytes","T/NK cells","Exhausted CD8+ T","mBrain","NS_17","mBrain",0.311573872258903,0.128091277637439,0.560334850103658,0.551942683309899,0.0185765592437072,0.429480757446393,0.550785784621177,0.0190150255055414,0.430199189873282,0.214238771459991,0.00718961798943049,0.778571610550578,0.217365359264873,0.00717554289245939,0.775459097842668
"TTCTCAAGTCGCTTCT_NS_04","P3004","train","IV","IV","Advanced",1,"IV",2,"Epithelial cells","Epithelial cells","Malignant cells","mBrain","NS_04","mBrain",0.0510170528051788,0.0283543812157916,0.92062856597903,2.790944513723e-07,4.96447115087345e-09,0.999999715941078,2.61358237784615e-07,5.02634379155072e-09,0.999999733615418,6.04893132245902e-08,1.07258087982018e-09,0.999999938438106,5.77728483128167e-08,9.8746354969597e-10,0.999999941239688
"TGCACCTTCAGAAATG_NS_13","P3013","train","IV","IV","Advanced",1,"IV",2,"T lymphocytes","T/NK cells","Undetermined","mBrain","NS_13","mBrain",0.433049951873718,0.120346932473367,0.446603115652915,0.916497578356569,0.0465197545630924,0.0369826670803388,0.915491032317937,0.0472736361762236,0.0372353315058389,0.806940565897664,0.0407086396906959,0.15235079441164,0.809489197317565,0.0398388805905221,0.150671922091913
"CCTACCAAGCCGGTAA_NS_03","P3003","train","IV","IV","Advanced",1,"IV",2,"Epithelial cells","Epithelial cells","Malignant cells","mBrain","NS_03","mBrain",0.0126189710033715,0.00736413490718306,0.980016894089445,1.09164413841886e-12,9.9999999999901e-13,0.999999999997908,1.01159984071518e-12,9.99999999999011e-13,0.999999999997988,1.42857142857037e-12,1.42857142857037e-12,0.999999999997143,1.42857142857023e-12,1.42857142857023e-12,0.999999999997143
"CGAGCCACACCAGCAC_NS_03","P3003","train","IV","IV","Advanced",1,"IV",2,"Epithelial cells","Epithelial cells","Malignant cells","mBrain","NS_03","mBrain",0.00686538121972478,0.00453392717955258,0.988600691600723,9.99999999998055e-13,9.99999999998055e-13,0.999999999998,9.9999999999805e-13,9.9999999999805e-13,0.999999999998,1.4285714285702e-12,1.4285714285702e-12,0.999999999997143,1.4285714285702e-12,1.4285714285702e-12,0.999999999997143
"CATGCCTCAATGGTCT_NS_13","P3013","train","IV","IV","Advanced",1,"IV",2,"B lymphocytes","B lymphocytes","Follicular B cells","mBrain","NS_13","mBrain",0.485111311287737,0.0969602103033474,0.417928478408916,0.9850353047035,0.012968864749003,0.00199583054749732,0.985238684683682,0.0128315533566417,0.00192976195967576,0.977879973188537,0.0128292042144322,0.00929082259703059,0.978477427186392,0.0126961378749493,0.00882643493865857
"GGGATGACAAAGCAAT_NS_03","P3003","train","IV","IV","Advanced",1,"IV",2,"Epithelial cells","Epithelial cells","Malignant cells","mBrain","NS_03","mBrain",0.0572110552095466,0.0193672234602929,0.923421721330161,6.83584414782465e-08,7.93445433533605e-10,0.999999930848113,6.43260956289727e-08,8.79109380152588e-10,0.999999934794795,1.48289258927734e-08,1.7136656259611e-10,0.999999984999708,1.41148981837564e-08,1.73858408514875e-10,0.999999985711243
"ATAAGAGCATGTAAGA_NS_13","P3013","train","IV","IV","Advanced",1,"IV",2,"B lymphocytes","B lymphocytes","Plasma cells","mBrain","NS_13","mBrain",0.405868898506203,0.105676351731746,0.488454749762051,0.940262897542903,0.0335011803190909,0.0262359221380062,0.938530643288175,0.0353728863565145,0.0260964703553109,0.857639935964782,0.0303804602117159,0.111979603823502,0.859937028825132,0.0308549953911212,0.109207975783746
"CTGATAGTCGAACGGA_NS_19","P3019","train","IV","IV","Advanced",1,"IV",2,"Myeloid cells","Myeloid cells","CD1c+ DCs","mBrain","NS_19","mBrain",0.270269028307144,0.103728831884624,0.626002139808232,0.0212708649373643,0.00125027701079715,0.977478858051839,0.0211666359263137,0.00117397339315064,0.977659390680536,0.00465905786286557,0.000273776509654993,0.995067165627479,0.00468739281362312,0.000265637579384486,0.995046969606992
"GACGCGTCAGATAATG_NS_03","P3003","train","IV","IV","Advanced",1,"IV",2,"Epithelial cells","Epithelial cells","Malignant cells","mBrain","NS_03","mBrain",0.00643596720481248,0.00421593383711578,0.989348098958072,9.99999999998019e-13,9.99999999998019e-13,0.999999999998,9.99999999998017e-13,9.99999999998017e-13,0.999999999998,1.4285714285702e-12,1.4285714285702e-12,0.999999999997143,1.4285714285702e-12,1.4285714285702e-12,0.999999999997143
"TACTTACGTCTAAAGA_NS_17","P3017","train","IV","IV","Advanced",1,"IV",2,"Epithelial cells","Epithelial cells","Malignant cells","mBrain","NS_17","mBrain",0.14018120991805,0.0689381888113325,0.790880601270617,0.00769439166383841,0.000166416705962263,0.992139191630199,0.00746632457119405,0.000182487087350216,0.992351188341456,0.00166458611661821,3.58351983291492e-05,0.998299578685053,0.00166787766583438,3.57394650386094e-05,0.998296382869127
"ACGGAGAGTTACAGAA_NS_03","P3003","train","IV","IV","Advanced",1,"IV",2,"Epithelial cells","Epithelial cells","Malignant cells","mBrain","NS_03","mBrain",0.0105658241316261,0.00582352393200024,0.983610651936374,9.99999999998742e-13,9.99999999998742e-13,0.999999999998,9.99999999998677e-13,9.99999999998677e-13,0.999999999998,1.4285714285702e-12,1.4285714285702e-12,0.999999999997143,1.4285714285702e-12,1.4285714285702e-12,0.999999999997143
"GGCGTGTCACACCGAC_NS_19","P3019","train","IV","IV","Advanced",1,"IV",2,"Myeloid cells","Myeloid cells","mo-Mac","mBrain","NS_19","mBrain",0.1584243585414,0.0794671067623252,0.762108534696275,4.03905366185397e-05,1.31046475402457e-05,0.999946504815841,3.76344560552886e-05,1.32884536423155e-05,0.999949077090302,8.74633454590537e-06,2.82657738535486e-06,0.999988427088069,8.40955435508041e-06,2.81793666341068e-06,0.999988772508982
"TCGCGAGGTGTCTGAT_NS_17","P3017","train","IV","IV","Advanced",1,"IV",2,"T lymphocytes",NA,NA,"mBrain","NS_17","mBrain",0.2612378510195,0.0999383995893817,0.638823749391118,0.0655704620420103,0.00247560866804565,0.931953929289944,0.0640985036735723,0.00267013528428208,0.933231361042146,0.014874170491781,0.000558410146233006,0.984567419361986,0.0146868028827646,0.000553023266647213,0.984760173850588
"CCATGTCCAGTCAGAG_NS_03","P3003","train","IV","IV","Advanced",1,"IV",2,"Myeloid cells","Myeloid cells","Monocytes","mBrain","NS_03","mBrain",0.119848739315413,0.0515255633108917,0.828625697373696,1.84071919104362e-06,1.74288071284451e-07,0.999997984992738,1.72968664914446e-06,1.78474376088126e-07,0.999998091838975,3.99132245969044e-07,3.76858470584787e-08,0.999999563181907,3.80037281088869e-07,3.74624705983406e-08,0.999999582500248
"AGTCTTTTCAGATAAG_NS_04","P3004","train","IV","IV","Advanced",1,"IV",2,"Epithelial cells","Epithelial cells","Malignant cells","mBrain","NS_04","mBrain",0.0618547912853937,0.0309978374359215,0.907147371278685,6.00585235542291e-06,3.58962959995901e-08,0.999993958251349,5.64695691690103e-06,3.77638924198607e-08,0.999994315279191,1.29823995351463e-06,7.74438054524467e-09,0.999998694015666,1.27730093957589e-06,7.46362272433903e-09,0.999998715235438
"ATTGGTGAGCGGCTTC_NS_17","P3017","train","IV","IV","Advanced",1,"IV",2,"Epithelial cells","Epithelial cells","Malignant cells","mBrain","NS_17","mBrain",0.179993658799532,0.0751033141698564,0.744903027030612,0.123030532284181,0.0011362968530835,0.875833170862735,0.121504805981267,0.00116939708645068,0.877325796932282,0.0292132727258547,0.000269689212408006,0.970517038061737,0.0308655844510044,0.000282428839080047,0.968851986709916
"CGTTCTGAGAGCTGCA_NS_02","P3002","train","IV","IV","Advanced",1,"IV",2,"Myeloid cells","Myeloid cells","mo-Mac","mBrain","NS_02","mBrain",0.157568151988262,0.0918765812396976,0.750555266772041,0.000126141030348329,5.13724078144924e-05,0.999822486561837,0.000118695355198895,5.35653509019673e-05,0.999827739293899,2.72777776783109e-05,1.10651772446926e-05,0.999961657045077,2.66197322957872e-05,1.12750512338182e-05,0.99996210521647
"TCTCTAAAGGGATACC_NS_02","P3002","train","IV","IV","Advanced",1,"IV",2,"Myeloid cells","Myeloid cells","mo-Mac","mBrain","NS_02","mBrain",0.169752328365536,0.115798817084591,0.714448854549873,0.000417436092643123,0.000149461309019374,0.999433102598338,0.000399593302382406,0.000148355660699623,0.999452051036918,9.02084516507865e-05,3.23024152741571e-05,0.999877489133075,9.02833699746688e-05,3.32964451034527e-05,0.999876420184922
"CTGCTGTAGTCGCCGT_NS_03","P3003","train","IV","IV","Advanced",1,"IV",2,"Epithelial cells","Epithelial cells","Malignant cells","mBrain","NS_03","mBrain",0.0216095512972015,0.0102690376084063,0.968121411094392,1.51595308619415e-10,9.99999999999851e-13,0.999999999847405,1.40596577934408e-10,9.99999999999928e-13,0.999999999858403,3.30109731752625e-11,1.42857142874373e-12,0.99999999996556,3.11312947002085e-11,1.42857142873389e-12,0.99999999996744
"ACGCCAGTCGCTTGTC_NS_16","P3016","train","IIIA","III","Advanced",1,"II_III",1,"Myeloid cells","Myeloid cells","mo-Mac","mBrain","NS_16","mBrain",0.178695894833577,0.119680908350654,0.701623196815769,0.000207131827512809,9.53498477011584e-05,0.999697518324786,0.000195756320010051,9.78688168889282e-05,0.999706374863101,0.000208951840930592,0.000448047338931405,0.999343000820138,0.000202918501421899,0.000450712305400818,0.999346369193177
"CCATTCGGTGTTGAGG_NS_13","P3013","train","IV","IV","Advanced",1,"IV",2,"MAST cells","MAST cells","MAST","mBrain","NS_13","mBrain",0.573175336238779,0.253309714987243,0.173514948773979,0.851116487290543,0.148883509326966,3.38249046286017e-09,0.884294269975847,0.115705726650367,3.37378575451339e-09,0.851376967054131,0.148623016902094,1.60437746072195e-08,0.877311810863267,0.122688174943455,1.41932777293023e-08
"CAACTAGAGGGTGTGT_NS_02","P3002","train","IV","IV","Advanced",1,"IV",2,"Myeloid cells","Myeloid cells","mo-Mac","mBrain","NS_02","mBrain",0.204880862727221,0.143117596579027,0.652001540693752,0.0115834587056159,0.00378456530594362,0.984631975988441,0.0111972552545714,0.00355819696961175,0.985244547775817,0.00252466629272883,0.000825912365232533,0.996649421342039,0.00260688642304503,0.000838732108380945,0.996554381468574
"GGGATGACACATCTTT_NS_19","P3019","train","IV","IV","Advanced",1,"IV",2,"Myeloid cells","Myeloid cells","mo-Mac","mBrain","NS_19","mBrain",0.120670320783862,0.067649592544596,0.811680086671542,2.30081764124281e-07,6.7003245898348e-08,0.99999970291499,2.11560895484029e-07,6.28582593827493e-08,0.999999725580845,5.00712741864091e-08,1.45752607052233e-08,0.999999935353465,4.68175704036388e-08,1.36520634849122e-08,0.999999939530366
"TGACAACAGTGGGTTG_NS_03","P3003","train","IV","IV","Advanced",1,"IV",2,"Epithelial cells","Epithelial cells","Malignant cells","mBrain","NS_03","mBrain",0.0132568920824147,0.00717641560593888,0.979566692311647,1.4285378063291e-12,9.99999999999017e-13,0.999999999997571,1.31606332716156e-12,9.99999999999019e-13,0.999999999997684,1.42857142857086e-12,1.42857142857086e-12,0.999999999997143,1.42857142857068e-12,1.42857142857068e-12,0.999999999997143
"CGTTCTGCAGTGACAG_NS_03","P3003","train","IV","IV","Advanced",1,"IV",2,"Epithelial cells","Epithelial cells","Malignant cells","mBrain","NS_03","mBrain",0.020562847253033,0.0100680650598114,0.969369087687156,1.14661977784577e-10,1.36035435920155e-12,0.999999999883978,1.06286769283753e-10,1.57309502819949e-12,0.99999999989214,2.49801708887996e-11,1.42857142870221e-12,0.999999999973591,2.34450991133896e-11,1.42857142869426e-12,0.999999999975126
