"Cell","Patient","split","Stage","Stage_broad","Stage_group","z_obs","Stage_cat","y_cat","Cell_type","Cell_type.refined","Cell_subtype","Tissue","Sample","Sample_Origin","naive_prob_I","naive_prob_II_III","naive_prob_IV","cat_em_prob_I","cat_em_prob_II_III","cat_em_prob_IV","cat_mcem_prob_I","cat_mcem_prob_II_III","cat_mcem_prob_IV","cat_em_soft_label_I","cat_em_soft_label_II_III","cat_em_soft_label_IV","cat_mcem_soft_label_I","cat_mcem_soft_label_II_III","cat_mcem_soft_label_IV"
"CTAATGGGTGAAATCA_NS_03","P3003","train","IV","IV","Advanced",1,"IV",2,"Epithelial cells","Epithelial cells","Malignant cells","mBrain","NS_03","mBrain",0.00404509162513754,0.00861883476662605,0.987336073608236,1.69161397744931e-08,1.03110871725409e-06,0.999998951975143,2.65294048004933e-08,1.13869968461127e-06,0.999998834770911,3.60141331887858e-09,2.20919201760322e-07,0.999999775479385,2.93679373667996e-09,2.95808029696259e-07,0.999999701255177
"CTAATGGGTATAAACG_NS_13","P3013","train","IV","IV","Advanced",1,"IV",2,"MAST cells","MAST cells","MAST","mBrain","NS_13","mBrain",0.0994345626026504,0.0969969731186583,0.803568464278691,0.02831774249933,0.00413656409157304,0.967545693409097,0.0280773360841406,0.00451168189726479,0.967410982018595,0.00624106379732289,0.000908445515875298,0.992850490686802,0.00670055768188483,0.00104439083931096,0.992255051478804
"CGTCACTGTCTTGTCC_NS_03","P3003","train","IV","IV","Advanced",1,"IV",2,"Epithelial cells","Epithelial cells","Malignant cells","mBrain","NS_03","mBrain",0.019285254939366,0.0445019979417898,0.936212747118844,1.92066721476106e-06,5.52592005218299e-05,0.999942820132263,3.20686413513372e-06,7.29466208619457e-05,0.999923846515003,4.09092044192099e-07,1.18683078708504e-05,0.999987722600085,3.59630979748938e-07,1.87663344222531e-05,0.999980874034598
"CAGTCCTCATCATCCC_NS_02","P3002","train","IV","IV","Advanced",1,"IV",2,"Epithelial cells","Epithelial cells","Malignant cells","mBrain","NS_02","mBrain",0.0476925413065281,0.00728022710765437,0.945027231585818,3.14944843935169e-09,1.70804050366785e-08,0.999999979770146,2.57685558492778e-09,1.45410719263032e-08,0.999999982882073,6.81671503318306e-10,3.72633713369456e-09,0.999999995591991,7.03289112183221e-10,3.5818949243904e-09,0.999999995714816
"CTCGAGGAGCCACGCT_NS_17","P3017","train","IV","IV","Advanced",1,"IV",2,"Myeloid cells","Myeloid cells","Microglia/Mac","mBrain","NS_17","mBrain",0.035174401989489,0.000624137173028245,0.964201460837483,0.00280059368088531,0.000102946175861467,0.997096460143253,0.00210913626804614,6.77634712650779e-05,0.997823100260689,0.000600679201623032,2.21920083734987e-05,0.999377128790004,0.000478184414789475,1.85481770999745e-05,0.999503267408111
"TGACAACGTTCACCTC_NS_03","P3003","train","IV","IV","Advanced",1,"IV",2,"Epithelial cells","Epithelial cells",NA,"mBrain","NS_03","mBrain",0.0832961732148702,0.0883391187613996,0.82836470802373,0.000355617970225949,0.000688425891017736,0.998955956138756,0.000483605650898658,0.000820406501411661,0.99869598784769,7.59893571837082e-05,0.000148150631591764,0.999775860011225,6.96629099392108e-05,0.000199646934496164,0.999730690155565
"GCGACCAAGAGCTGCA_NS_02","P3002","train","IV","IV","Advanced",1,"IV",2,"Myeloid cells","Myeloid cells","mo-Mac","mBrain","NS_02","mBrain",0.16278906231023,0.137853608283956,0.699357329405814,0.00338172163955776,0.00372186425258546,0.992896414107857,0.0024174984480143,0.00332098125342321,0.994261520298563,0.000725085529671675,0.000795607843032076,0.998479306627296,0.000563049081999819,0.000786005124065614,0.998650945793935
"AGGCCGTGTTGGTTTG_NS_16","P3016","train","IIIA","III","Advanced",1,"II_III",1,"Oligodendrocytes",NA,NA,"mBrain","NS_16","mBrain",6.23676958142838e-06,0.416707946342433,0.583285816887986,2.4587974977708e-06,0.330707187262289,0.669290353940214,2.60684833591266e-06,0.315563149767612,0.684434243384052,1.09017322438323e-06,0.697868346026608,0.302130563800168,2.34927605552939e-06,0.675701080948129,0.324296569775816
"AAAGTAGAGAATTCCC_NS_17","P3017","train","IV","IV","Advanced",1,"IV",2,"Myeloid cells","Myeloid cells","Microglia/Mac","mBrain","NS_17","mBrain",0.035364247882445,0.00153258477858853,0.963103167338966,0.00075734027618649,8.80780548048016e-05,0.999154581669009,0.000564400681098608,6.0899850861098e-05,0.99937469946804,0.00016161789105865,1.88084712272163e-05,0.999819573637714,0.000127105448750593,1.45699304786256e-05,0.999858324620771
"ATCATGGGTTGTGGAG_NS_03","P3003","train","IV","IV","Advanced",1,"IV",2,"Epithelial cells","Epithelial cells","Malignant cells","mBrain","NS_03","mBrain",0.0348508412265254,0.0828942527029604,0.882254906070514,2.3718745377592e-05,0.000348691335616672,0.999627589919006,3.65940164573295e-05,0.000426825340528277,0.999536580643014,5.06780610860368e-06,7.45871729562039e-05,0.999920345020935,4.77901244660109e-06,0.00010167522235039,0.999893545765203
"AGAGCGAAGGTGTGGT_NS_02","P3002","train","IV","IV","Advanced",1,"IV",2,"Myeloid cells","Myeloid cells","mo-Mac","mBrain","NS_02","mBrain",0.326520996851274,0.131905652393489,0.541573350755237,0.0144013268758295,0.000848559784326913,0.984750113339844,0.0121640976511495,0.000734289727517358,0.987101612621333,0.00311048527627975,0.000184374275829141,0.996705140447891,0.00267517046553748,0.00017201639792426,0.997152813136538
"GCATGATGTGAGGGTT_NS_13","P3013","train","IV","IV","Advanced",1,"IV",2,"T lymphocytes","T/NK cells","Undetermined","mBrain","NS_13","mBrain",0.158386943449012,0.0643232549084122,0.777289801642576,0.141056241449487,0.00158477785059188,0.857358980699922,0.130668008402837,0.00159286570835137,0.867739125888812,0.0341405812829717,0.000387445308249661,0.965471973408779,0.034498108370476,0.000474718119824568,0.965027173509699
"GACTAACGTTTGGGCC_NS_02","P3002","train","IV","IV","Advanced",1,"IV",2,"T lymphocytes","T/NK cells","CD4+ Th","mBrain","NS_02","mBrain",0.356569693954944,0.0819949989866519,0.561435307058404,0.154792513475407,0.000864827049308292,0.844342659475285,0.152341887049607,0.000746212534220308,0.846911900416173,0.0376511377230943,0.000218611919313902,0.962130250357592,0.0364987077932376,0.000208908938233921,0.963292383268529
"CGTTAGATCGCCATAA_NS_16","P3016","train","IIIA","III","Advanced",1,"II_III",1,"NK cells","T/NK cells","NK","mBrain","NS_16","mBrain",0.302014793772039,0.637917964961978,0.0600672412659835,0.245040297057143,0.748425682040407,0.00653402090244973,0.22791802571809,0.764797592685484,0.0072843815964261,0.0650434316542822,0.933216314514954,0.00174025383076322,0.0609194890589617,0.937207074374751,0.00187343656628743
"GTAACTGGTTCTCATT_NS_16","P3016","train","IIIA","III","Advanced",1,"II_III",1,"B lymphocytes","B lymphocytes","MALT B cells","mBrain","NS_16","mBrain",0.642807333176983,0.308786595319517,0.0484060715035001,0.664972234558275,0.323560139114881,0.0114676263268439,0.712506349672385,0.276308945915983,0.0111847044116321,0.305956488434152,0.688756976547552,0.00528653501829609,0.350950543664806,0.643302656370379,0.00574679996481561
"GACTACACACCGCTAG_NS_03","P3003","train","IV","IV","Advanced",1,"IV",2,"Epithelial cells","Epithelial cells","Malignant cells","mBrain","NS_03","mBrain",0.00443959717249131,0.0206369313479667,0.974923471479542,3.35743326256518e-08,2.7081911148952e-06,0.999997258234552,6.35915155870749e-08,3.82211326468134e-06,0.99999611429522,7.13818816193935e-09,5.83945395236209e-07,0.999999408916417,6.43769067862137e-09,9.76393425529259e-07,0.999999017168884
"GTCGGGTCAAAGGAAG_NS_19","P3019","train","IV","IV","Advanced",1,"IV",2,"Myeloid cells","Myeloid cells","mo-Mac","mBrain","NS_19","mBrain",0.0801062689529821,0.0867693645871013,0.833124366459916,5.4747279663632e-05,0.00060571858595366,0.999339534134383,3.11203986156177e-05,0.000496526818070035,0.999472352783314,1.15899371339099e-05,0.000130620277912983,0.999857789784953,6.84893159367069e-06,0.000113649244500907,0.999879501823906
"GGCCGATTCACGATGT_NS_19","P3019","train","IV","IV","Advanced",1,"IV",2,"Myeloid cells","Myeloid cells","mo-Mac","mBrain","NS_19","mBrain",0.0383900127165054,0.0931863827284857,0.868423604555009,0.000280463721659635,0.000219308220743874,0.999500228057597,0.000224899059288315,0.000206447916944561,0.999568653023767,5.93338214429566e-05,4.70481560672363e-05,0.99989361802249,4.86076229948394e-05,4.37120229599963e-05,0.999907680354045
"GATCAGTAGCATCATC_NS_02","P3002","train","IV","IV","Advanced",1,"IV",2,"Myeloid cells","Myeloid cells","mo-Mac","mBrain","NS_02","mBrain",0.00159188835274936,0.00655587495896982,0.991852236688281,3.15500704238958e-08,3.69502928069492e-08,0.999999931499637,3.2477376225093e-08,2.94251413455594e-08,0.999999938097482,6.74253043972323e-09,7.99122972515452e-09,0.99999998526624,7.69200862553347e-09,6.3710081733545e-09,0.999999985936983
"GCGCGATTCTAACTTC_NS_04","P3004","train","IV","IV","Advanced",1,"IV",2,"Epithelial cells","Epithelial cells","Malignant cells","mBrain","NS_04","mBrain",0.366381094126128,0.00663263387912587,0.626986271994746,1.61492783238499e-11,7.4753048718966e-10,0.99999999923632,8.91135848298133e-12,7.31210514109667e-10,0.999999999259878,3.52199672636864e-12,1.61686539078262e-10,0.999999999834791,2.69298486478807e-12,1.74333059244689e-10,0.999999999822974
"GGGAGATTCTTCGGTC_NS_19","P3019","train","IV","IV","Advanced",1,"IV",2,"Myeloid cells","Myeloid cells","mo-Mac","mBrain","NS_19","mBrain",0.0722142676523347,0.0537675336405799,0.874018198707085,4.94306671009591e-05,6.15473703557827e-06,0.999944414595863,5.59942241244949e-05,5.73691910647708e-06,0.999938268856769,1.07759683937217e-05,1.33710039478979e-06,0.999987886931211,1.18536448663004e-05,1.13847772895294e-06,0.999987007877405
"TTCTTAGTCAGCCTAA_NS_02","P3002","train","IV","IV","Advanced",1,"IV",2,"T lymphocytes","T/NK cells","Treg","mBrain","NS_02","mBrain",0.417232208197066,0.452589991782166,0.130177800020768,0.415472236813555,0.523823829450141,0.0607039337363042,0.377419866320634,0.563946609369794,0.0586335243095715,0.338365349652828,0.430614359217577,0.231020291129595,0.330442654345114,0.429632171610327,0.239925174044559
"AGTCTTTGTGAAAGAG_NS_04","P3004","train","IV","IV","Advanced",1,"IV",2,"T lymphocytes","T/NK cells","Exhausted CD8+ T","mBrain","NS_04","mBrain",0.318808352006708,0.570889929651527,0.110301718341765,0.0995224126476699,0.606803850070364,0.293673737281966,0.0917052224281992,0.591208467473998,0.317086310097803,0.0475325154660313,0.297575670535147,0.654891813998822,0.0408128560042088,0.307909211953185,0.651277932042606
"CTACATTCACTTGGAT_NS_19","P3019","train","IV","IV","Advanced",1,"IV",2,"B lymphocytes","B lymphocytes","Plasma cells","mBrain","NS_19","mBrain",0.385610592521955,0.19452118396191,0.419868223516135,0.0279686445433623,0.0513597324164156,0.920671623040222,0.0287787848505066,0.0477463874608473,0.923474827688646,0.00640016988665647,0.0117867834831207,0.981813046630223,0.00668834431997367,0.0113789105768699,0.981932745103156
"GGATTACTCGCCCTTA_NS_17","P3017","train","IV","IV","Advanced",1,"IV",2,"Fibroblasts","Fibroblasts","Pericytes","mBrain","NS_17","mBrain",0.099730311760518,0.109892310399388,0.790377377840094,0.19960186940647,0.177504536454033,0.622893594139497,0.205477205585363,0.183648387884726,0.610874406529912,0.0606506495907518,0.0541885100528751,0.885160840356373,0.0676182941848358,0.0532414446911647,0.879140261124
"ATCATCTAGGGATCTG_NS_17","P3017","train","IV","IV","Advanced",1,"IV",2,"Epithelial cells","Epithelial cells","Malignant cells","mBrain","NS_17","mBrain",0.00128460775667517,6.65635732370977e-07,0.998714726607592,1.4484293166368e-05,8.45737735032144e-08,0.99998543113306,1.08195687310639e-05,3.82128255260879e-08,0.999989142218443,3.09787063582344e-06,1.79514918515528e-08,0.999996884177872,2.45900553609262e-06,9.91567264835689e-09,0.999997531078791
"CTGCCTACACGGTAAG_NS_19","P3019","train","IV","IV","Advanced",1,"IV",2,"Epithelial cells","Epithelial cells","Malignant cells","mBrain","NS_19","mBrain",0.159227448236407,0.00348259203649049,0.837289959727102,3.30866980853129e-12,3.41352747595955e-10,0.999999999655339,1.87071499072154e-12,3.39303768363825e-10,0.999999999658826,1.42857142896325e-12,7.42751689753513e-11,0.999999999924296,1.42857142900087e-12,8.16224281284757e-11,0.999999999916949
"TTGGCAATCGAATGCT_NS_19","P3019","train","IV","IV","Advanced",1,"IV",2,"Epithelial cells","Epithelial cells","Malignant cells","mBrain","NS_19","mBrain",0.0535998153651824,0.000255676772367414,0.94614450786245,9.99999999998006e-13,9.99999999998006e-13,0.999999999998,9.99999999998005e-13,9.99999999998005e-13,0.999999999998,1.4285714285702e-12,1.4285714285702e-12,0.999999999997143,1.4285714285702e-12,1.4285714285702e-12,0.999999999997143
"CAGAATCCACATGACT_NS_04","P3004","train","IV","IV","Advanced",1,"IV",2,"Myeloid cells","Myeloid cells","mo-Mac","mBrain","NS_04","mBrain",0.524808636285267,0.0932566123959281,0.381934751318805,0.168311140305145,0.00440822171377175,0.827280637981083,0.1283401316604,0.00471055590733437,0.866949312432266,0.0414961655142601,0.00112931061307686,0.957374523872663,0.03150994891226,0.00155335270401365,0.966936698383726
"TGAGGGATCAGCACAT_NS_02","P3002","train","IV","IV","Advanced",1,"IV",2,"Oligodendrocytes",NA,NA,"mBrain","NS_02","mBrain",2.20862285482366e-07,0.446240399454668,0.553759379683047,5.72542402033663e-08,0.324731663784863,0.675268278960897,5.90955842044082e-08,0.312663213964532,0.687336726939884,1.6117269350494e-08,0.0934119592608363,0.906588024621894,3.89336168167976e-08,0.0879452330300447,0.912054728036339
"TCCACACTCAGCCTAA_NS_19","P3019","train","IV","IV","Advanced",1,"IV",2,"Fibroblasts","Endothelial cells","Tumor ECs","mBrain","NS_19","mBrain",0.4035646633615,0.0136077488847756,0.582827587753724,1.21447374723843e-07,6.92474267379023e-08,0.999999809305198,8.70419461340383e-08,5.75706422201217e-08,0.999999855387412,2.63417582810409e-08,1.50494288181919e-08,0.999999958608813,2.17339792355703e-08,1.53864789576149e-08,0.999999962879542
"CACATTTTCGGCGGTT_NS_13","P3013","train","IV","IV","Advanced",1,"IV",2,"Epithelial cells","Epithelial cells","Malignant cells","mBrain","NS_13","mBrain",1.16921185694156e-07,3.61291716320039e-07,0.999999521787098,9.99999999998004e-13,9.99999999998004e-13,0.999999999998,9.99999999998003e-13,9.99999999998003e-13,0.999999999998,1.4285714285702e-12,1.4285714285702e-12,0.999999999997143,1.4285714285702e-12,1.4285714285702e-12,0.999999999997143
"CACCTTGAGCTAACAA_NS_02","P3002","train","IV","IV","Advanced",1,"IV",2,"NK cells","T/NK cells","NK","mBrain","NS_02","mBrain",0.412530913694491,0.267122875179444,0.320346211126065,0.450407441435749,0.060210566936829,0.489381991627422,0.46046860267076,0.0484030979903922,0.491128299338847,0.160961624635749,0.0217768141480382,0.817261561216213,0.163769384988288,0.0181137711533322,0.81811684385838
"TCCCGATCAGTTAACC_NS_17","P3017","train","IV","IV","Advanced",1,"IV",2,"Epithelial cells","Epithelial cells","Malignant cells","mBrain","NS_17","mBrain",0.00074738296700948,1.19180644333937e-06,0.999251425226547,4.63148959801668e-06,3.75637081770752e-08,0.999995330946694,3.70177609030363e-06,1.77965909054022e-08,0.999996280427319,9.89523591402334e-07,8.0134433857252e-09,0.999999002462965,8.41232493789718e-07,4.5220392103147e-09,0.999999154245467
"TGTTCCGCAGCGTAAG_NS_02","P3002","train","IV","IV","Advanced",1,"IV",2,"B lymphocytes","B lymphocytes","Follicular B cells","mBrain","NS_02","mBrain",0.560702793435852,0.0423947683961139,0.396902438168034,0.709279388316708,0.00156717378182284,0.28915343790147,0.7088908215739,0.0012682836592577,0.289840894766842,0.344062034214426,0.000749729507891136,0.655188236277683,0.34047190804303,0.000580409421706869,0.658947682535263
"ATGCGATAGTAGCGGT_NS_03","P3003","train","IV","IV","Advanced",1,"IV",2,"Epithelial cells","Epithelial cells","Malignant cells","mBrain","NS_03","mBrain",0.015506676078786,0.0374462929313246,0.947047030989889,1.45066057884108e-06,1.99508498595781e-05,0.999978598489561,2.45887824252762e-06,2.57381799173783e-05,0.99997180294184,3.09109569408143e-07,4.30416671441741e-06,0.999995386723716,2.90234951865155e-07,6.57397455988707e-06,0.999993135790488
"CGTGAGCGTTGTACAC_NS_13","P3013","train","IV","IV","Advanced",1,"IV",2,"Epithelial cells","Epithelial cells","Malignant cells","mBrain","NS_13","mBrain",7.34340362424005e-06,0.000106992121394435,0.999885664474981,2.18809871573602e-07,8.07542582788594e-10,0.999999780382586,1.52333056189804e-07,1.03526509856108e-09,0.999999846631679,4.72414017113136e-08,1.75433614179783e-10,0.999999952583165,5.09036637355634e-08,3.891699632989e-10,0.999999948707166
"ACTGAACAGGGTGTTG_NS_19","P3019","train","IV","IV","Advanced",1,"IV",2,"Myeloid cells","Myeloid cells","mo-Mac","mBrain","NS_19","mBrain",0.185241497714611,0.114215369820671,0.700543132464719,0.00321212191428604,0.00218383504417003,0.994604043041544,0.00237001112446068,0.00163138881468057,0.995998600060859,0.000686684744921684,0.000465654627452363,0.998847660627626,0.000512879786164603,0.000368681738401326,0.999118438475434
"GGCTCGACATGTAGTC_NS_03","P3003","train","IV","IV","Advanced",1,"IV",2,"Epithelial cells","Epithelial cells","Malignant cells","mBrain","NS_03","mBrain",0.0124903895314071,0.053119957838346,0.934389652630247,2.07886453733312e-06,8.17436845732076e-05,0.999916177450889,3.3784632109561e-06,0.000101257962258461,0.999895363574531,4.43391763749239e-07,1.76324437403372e-05,0.999981924164496,4.30420883824069e-07,2.50298036368092e-05,0.999974539775479
"CACATTTTCCTAGTGA_NS_19","P3019","train","IV","IV","Advanced",1,"IV",2,"Myeloid cells","Myeloid cells","mo-Mac","mBrain","NS_19","mBrain",0.0552563400427943,0.0660033970090326,0.878740262948173,2.37453283085638e-05,1.84522875439632e-05,0.999957802384147,2.44586468705138e-05,1.59361508370518e-05,0.999959605202292,5.15705441821107e-06,4.01983790541949e-06,0.999990823107676,5.29301532942678e-06,3.23361440753226e-06,0.999991473370263
"GAACCTATCCTTCAAT_NS_04","P3004","train","IV","IV","Advanced",1,"IV",2,"Myeloid cells","Myeloid cells","mo-Mac","mBrain","NS_04","mBrain",0.102008045128296,0.0594912082473466,0.838500746624358,0.00217601724921892,0.000794911788673785,0.997029070962107,0.00147281296954106,0.000592807266831916,0.997934379763627,0.000462553881792351,0.000167705345640898,0.999369740772567,0.000312738883331104,0.000146875769802671,0.999540385346866
"TCACAAGTCTTCGAGA_NS_03","P3003","train","IV","IV","Advanced",1,"IV",2,"Epithelial cells","Epithelial cells","Malignant cells","mBrain","NS_03","mBrain",0.0130639658613616,0.0312210284332085,0.95571500570543,2.24256067144021e-07,9.52462220299572e-06,0.99999025112173,3.66217253521707e-07,1.23310015709356e-05,0.999987302781176,4.78455543162005e-08,2.05368106956544e-06,0.999997898473376,4.29144014937278e-08,3.09091169163242e-06,0.999996866173907
"CCTAGCTTCCTCCTAG_NS_17","P3017","train","IV","IV","Advanced",1,"IV",2,"Epithelial cells","Epithelial cells","Malignant cells","mBrain","NS_17","mBrain",4.61302975889579e-05,1.0500240471835e-09,0.999953868652387,2.33140420494695e-09,1.59269210969487e-11,0.999999997652669,1.43002299651107e-09,5.04526371737864e-12,0.999999998564932,4.98984816006687e-10,3.35169727072492e-12,0.999999999497663,3.44602764762046e-10,1.42857143038359e-12,0.999999999653969
"CGGAGTCGTAGGGACT_NS_17","P3017","train","IV","IV","Advanced",1,"IV",2,"Epithelial cells","Epithelial cells","Malignant cells","mBrain","NS_17","mBrain",0.000130438757298575,1.74483128155544e-08,0.999869543794389,1.71747350356542e-09,5.25101567525971e-11,0.999999998230016,1.07748647286779e-09,2.06913310518889e-11,0.999999998901822,3.68617752128149e-10,1.11466806116108e-11,0.999999999620236,2.7533391756226e-10,5.5909078322136e-12,0.999999999719075
"AGAATAGCAATCGAAA_NS_17","P3017","train","IV","IV","Advanced",1,"IV",2,"Myeloid cells","Myeloid cells","Microglia/Mac","mBrain","NS_17","mBrain",0.125688051319917,0.0102943959538658,0.864017552726217,0.0415763343364747,0.00340212589367823,0.955021539769847,0.0343730628085184,0.00268675046718563,0.962940186724296,0.0092165857548974,0.000758831604951765,0.990024582640151,0.00837345569769479,0.000758500560199388,0.990868043742106
"ACGTCAAGTTCCATGA_NS_03","P3003","train","IV","IV","Advanced",1,"IV",2,"Epithelial cells","Epithelial cells","Malignant cells","mBrain","NS_03","mBrain",0.0111895357358991,0.0210538799876675,0.967756584276433,1.26288285329878e-07,5.05700873607964e-06,0.999994816702979,2.08332680150258e-07,6.2354160106746e-06,0.999993556251309,2.69161895859965e-08,1.08789835459558e-06,0.999998885185456,2.31275094418774e-08,1.61036071702579e-06,0.999998366511774
"CAGATCAGTAATCACC_NS_19","P3019","train","IV","IV","Advanced",1,"IV",2,"Myeloid cells","Myeloid cells","mo-Mac","mBrain","NS_19","mBrain",0.570283633005312,0.267816361691399,0.161900005303289,0.774738941728722,0.110307450217788,0.114953608053489,0.733237766205014,0.125733900744136,0.14102833305085,0.543358678593879,0.0783876469907938,0.378253674415327,0.468342968167843,0.099420715478477,0.43223631635368
"CAGCAGCTCTCTAGGA_NS_06","P3006","train","IV","IV","Advanced",1,"IV",2,"Oligodendrocytes",NA,NA,"mBrain","NS_06","mBrain",3.87317089713889e-06,0.372189642028815,0.627806484800288,1.76128226130139e-06,0.149902388264834,0.850095850452905,1.85586321035152e-06,0.151186612350985,0.848811531785804,4.20272716275409e-07,0.036504809443307,0.963494770283977,8.90622122493868e-07,0.0362240245812641,0.963775084796613
"TCGAGGCAGTGCTGCC_NS_13","P3013","train","IV","IV","Advanced",1,"IV",2,"B lymphocytes","B lymphocytes","Follicular B cells","mBrain","NS_13","mBrain",0.0845898012324071,0.0365736688529066,0.878836529914686,0.0172932701991654,0.000159344590632348,0.982547385210202,0.0163774384454459,0.00012967749730018,0.983492884057254,0.00375722787605638,3.39193870307005e-05,0.996208852736913,0.00396278698430896,2.78833882484085e-05,0.996009329627443
"GCTCCTAAGCGAAGGG_NS_06","P3006","train","IV","IV","Advanced",1,"IV",2,"Myeloid cells","Myeloid cells","CD163+CD14+ DCs","mBrain","NS_06","mBrain",0.454482568973071,0.198971702994075,0.346545728032854,0.472973058078589,0.0944223376204881,0.432604604300923,0.471911627732821,0.0926995140034016,0.435388858263777,0.18351253779612,0.0368960930202828,0.779591369183598,0.181262051548583,0.0413354722852225,0.777402476166195
"ACTGCTCTCAATCTCT_NS_06","P3006","train","IV","IV","Advanced",1,"IV",2,"Myeloid cells","Myeloid cells","Undetermined","mBrain","NS_06","mBrain",0.220976250335073,0.289911108477346,0.489112641187581,0.18605314296673,0.250283053885533,0.563663803147736,0.150950576746867,0.243067628610306,0.605981794642827,0.0601051715347683,0.0817328163405754,0.858162012124656,0.0472297965639099,0.0777588652203217,0.875011338215768
"GTAACTGTCAATACCG_NS_19","P3019","train","IV","IV","Advanced",1,"IV",2,"Fibroblasts","Fibroblasts","FB-like cells","mBrain","NS_19","mBrain",0.186354118991703,0.18353305793204,0.630112823076257,0.000371251973983545,0.00217718100992943,0.997451567016087,0.000376114014975947,0.00211695765099051,0.997506928334034,7.98740462572908e-05,0.000469017520508879,0.999451108433234,9.12601826380488e-05,0.00045709471034547,0.999451645107016
"ATGGGAGCACATCCAA_NS_19","P3019","train","IV","IV","Advanced",1,"IV",2,"T lymphocytes","T/NK cells","CD8 low T","mBrain","NS_19","mBrain",0.252234255780754,0.0244713118054164,0.72329443241383,0.0049310651342189,1.45841815355512e-05,0.995054350684246,0.00416513954747337,1.45157484224172e-05,0.995820344704104,0.00106059723579786,3.29831817530754e-06,0.998936104446027,0.000914168189944825,3.62297714164235e-06,0.999082208832914
"CGCCAAGTCTTCATGT_NS_13","P3013","train","IV","IV","Advanced",1,"IV",2,"MAST cells","MAST cells","MAST","mBrain","NS_13","mBrain",0.218519828817717,0.0877351738140615,0.693744997368221,0.135304509912641,0.00892435812014815,0.855771131967211,0.138846213707388,0.00847517894870621,0.852678607343906,0.0327443023483814,0.00218459127850974,0.965071106373109,0.036262906603108,0.00250035468427434,0.961236738712618
"TAGAGCTAGCTGATAA_NS_16","P3016","train","IIIA","III","Advanced",1,"II_III",1,"B lymphocytes","B lymphocytes","MALT B cells","mBrain","NS_16","mBrain",0.399880083981098,0.338126516258171,0.261993399760731,0.471625867262566,0.223625474423814,0.30474865831362,0.498678197738477,0.208623303637714,0.292698498623809,0.257479788945336,0.575855682201953,0.166664528852712,0.276021810590478,0.552045379202233,0.171932810207289
"GTACTCCTCTTTACGT_NS_16","P3016","train","IIIA","III","Advanced",1,"II_III",1,"T lymphocytes","T/NK cells","CD8+/CD4+ Mixed Th","mBrain","NS_16","mBrain",0.305540532994986,0.433552362139981,0.260907104865033,0.0485823097052483,0.907004106043952,0.0444135842508002,0.0490049546190834,0.897818895131349,0.0531761502495675,0.0112779990214807,0.978380422319242,0.0103415786592775,0.0111642680093595,0.976873907213776,0.0119618247768644
"TACCTTATCTACCTGC_NS_13","P3013","train","IV","IV","Advanced",1,"IV",2,"MAST cells","MAST cells","MAST","mBrain","NS_13","mBrain",0.288595378729786,0.0755207574996955,0.635883863770518,0.193402778331337,0.0114652030176356,0.795132018651027,0.1936037782989,0.0101059489224709,0.796290272778629,0.0494247401031473,0.00293069770326166,0.947644562193591,0.0515281921109841,0.00309100780527865,0.945380800083737
"TCTTTCCTCCCTAACC_NS_17","P3017","train","IV","IV","Advanced",1,"IV",2,"Myeloid cells","Myeloid cells","Microglia/Mac","mBrain","NS_17","mBrain",0.0284821623289477,0.0021373588525295,0.969380478818523,0.0015945777116943,0.000152454265508852,0.998252968022797,0.00127625448803515,9.67968488905246e-05,0.998626948663074,0.000340909488351799,3.20044487966675e-05,0.999627086062852,0.000305894150416842,2.39963186933284e-05,0.99967010953089
"ACACTGAAGAATCTCC_NS_17","P3017","train","IV","IV","Advanced",1,"IV",2,"Epithelial cells","Epithelial cells","Malignant cells","mBrain","NS_17","mBrain",6.73707774950068e-06,1.25169223555179e-11,0.999993262909734,2.18533132559185e-09,1.31319608272731e-12,0.999999997813356,1.29928377251175e-09,9.99999999999314e-13,0.999999998699716,4.66568639132647e-10,1.42857143101515e-12,0.999999999532003,3.07430788052915e-10,1.42857143018117e-12,0.999999999691141
"CCGGTAGAGGCAAAGA_NS_06","P3006","train","IV","IV","Advanced",1,"IV",2,"Myeloid cells","Myeloid cells","Undetermined","mBrain","NS_06","mBrain",0.0628467837919581,0.103692844757743,0.833460371450299,0.00247165201322389,0.00328117942920585,0.99424716855757,0.00208862338005589,0.002456140013335,0.995455236606609,0.000528308525972021,0.000692653877764466,0.998779037596263,0.000455586314617132,0.000491729729908794,0.999052683955474
"GACGGCTTCCACGCAG_NS_13","P3013","train","IV","IV","Advanced",1,"IV",2,"T lymphocytes",NA,NA,"mBrain","NS_13","mBrain",0.758059351904122,0.143199726852446,0.0987409212434321,0.979359312075334,0.00309609795156778,0.017544589973098,0.977478010089549,0.00328541712141247,0.0192365727890384,0.920266026247693,0.00292786804492558,0.0768061057073811,0.916700214662144,0.00356844806111646,0.0797313372767398
"TTAACTCCAGCTGTGC_NS_19","P3019","train","IV","IV","Advanced",1,"IV",2,"Myeloid cells","Myeloid cells","mo-Mac","mBrain","NS_19","mBrain",0.03824715544868,0.0430088683878916,0.918743976163428,3.93521101295621e-06,4.00627131335301e-06,0.999992058517674,3.77881549084416e-06,3.53529765941263e-06,0.99999268588685,8.49112537735237e-07,8.54215574715778e-07,0.999998296671888,8.44372339136329e-07,6.660513679316e-07,0.999998489576293
"CAGCTGGCACATTCGA_NS_04","P3004","train","IV","IV","Advanced",1,"IV",2,"Myeloid cells","Myeloid cells","mo-Mac","mBrain","NS_04","mBrain",0.00888892980922077,0.0328460667922171,0.958265003398562,4.59608302148536e-06,5.59531299396145e-05,0.999939450787039,3.56238037530779e-06,3.87916750483654e-05,0.999957645944576,9.81617300110983e-07,1.19501183067692e-05,0.999987068264393,7.18041915598651e-07,6.78146429606147e-06,0.999992500493788
"TGCGTGGAGACGCAAC_NS_04","P3004","train","IV","IV","Advanced",1,"IV",2,"Epithelial cells","Epithelial cells","Malignant cells","mBrain","NS_04","mBrain",0.0754133869718192,0.000154984663894362,0.924431628364286,9.99999999998076e-13,9.99999999998076e-13,0.999999999998,9.99999999998073e-13,9.99999999998073e-13,0.999999999998,1.4285714285702e-12,1.4285714285702e-12,0.999999999997143,1.4285714285702e-12,1.4285714285702e-12,0.999999999997143
"AACTCAGCAGTAAGCG_NS_04","P3004","train","IV","IV","Advanced",1,"IV",2,"Epithelial cells","Epithelial cells","Malignant cells","mBrain","NS_04","mBrain",0.202755738414325,0.00163592572446564,0.795608335861209,9.99999999998595e-13,9.99999999998595e-13,0.999999999998,9.99999999998568e-13,9.99999999998568e-13,0.999999999998,1.4285714285702e-12,1.4285714285702e-12,0.999999999997143,1.4285714285702e-12,1.4285714285702e-12,0.999999999997143
"GCAAACTGTCAGAATA_NS_19","P3019","train","IV","IV","Advanced",1,"IV",2,"Myeloid cells","Myeloid cells","mo-Mac","mBrain","NS_19","mBrain",0.065833123262829,0.116348050687869,0.817818826049302,6.3940996234968e-05,0.000791095546226554,0.999144963457539,3.7685381876364e-05,0.000666444464462518,0.999295870153661,1.35534788537903e-05,0.000170600002458875,0.999815846518687,8.62874433712727e-06,0.000152397457622691,0.99983897379804
"GGAACTTCAAGTACCT_NS_17","P3017","train","IV","IV","Advanced",1,"IV",2,"T lymphocytes","T/NK cells","Exhausted CD8+ T","mBrain","NS_17","mBrain",0.0316791470743406,0.000159160616301276,0.968161692309358,0.00227796188803052,9.51922943664431e-07,0.997721086189026,0.00193457869963333,7.20605835389075e-07,0.998064700694531,0.000488698803918624,2.03524858441621e-07,0.999511097671223,0.00041121267673184,1.58661903037613e-07,0.999588628661365
"TTCTCAAGTCGCTTCT_NS_04","P3004","train","IV","IV","Advanced",1,"IV",2,"Epithelial cells","Epithelial cells","Malignant cells","mBrain","NS_04","mBrain",0.14733083117137,0.00204689999890466,0.850622268829725,9.99999999999007e-13,4.51366089792034e-12,0.999999999994486,9.99999999999003e-13,4.24681237636658e-12,0.999999999994753,1.42857142857531e-12,1.42857142857531e-12,0.999999999997143,1.42857142857578e-12,1.42857142857578e-12,0.999999999997143
"TGCACCTTCAGAAATG_NS_13","P3013","train","IV","IV","Advanced",1,"IV",2,"T lymphocytes","T/NK cells","Undetermined","mBrain","NS_13","mBrain",0.256834071723375,0.137238864559988,0.605927063716637,0.300975721133007,0.00402805086782727,0.694996227999165,0.291216420162583,0.00460915445523369,0.704174425382183,0.0848819044699918,0.00115802380327082,0.913960071726737,0.0855902168950255,0.00126854673321599,0.913141236371758
"CCTACCAAGCCGGTAA_NS_03","P3003","train","IV","IV","Advanced",1,"IV",2,"Epithelial cells","Epithelial cells","Malignant cells","mBrain","NS_03","mBrain",0.0084677109286207,0.0259567340794667,0.965575554991913,4.2023437407911e-07,7.59052864819899e-06,0.999991989236978,7.32256981407808e-07,9.66030308736715e-06,0.999989607439931,8.94187097113922e-08,1.63578693855589e-06,0.999998274794352,8.60292924612625e-08,2.46281805317881e-06,0.999997451152654
"CGAGCCACACCAGCAC_NS_03","P3003","train","IV","IV","Advanced",1,"IV",2,"Epithelial cells","Epithelial cells","Malignant cells","mBrain","NS_03","mBrain",0.00270005826921633,0.0117171376823342,0.985582804048449,4.60284770302262e-09,1.45688947492327e-06,0.999998538507677,8.11398813719563e-09,1.84494546385054e-06,0.999998146940548,9.77669871246573e-10,3.10463375483765e-07,0.999999688558955,8.3203106651311e-10,4.98620636988979e-07,0.999999500547332
"CATGCCTCAATGGTCT_NS_13","P3013","train","IV","IV","Advanced",1,"IV",2,"B lymphocytes","B lymphocytes","Follicular B cells","mBrain","NS_13","mBrain",0.411343603299134,0.122389726107589,0.466266670593276,0.67232036910331,0.0015735310613604,0.32610609983533,0.663795436726176,0.00178591583639696,0.334418647437427,0.306316943043176,0.000726564697234091,0.69295649225959,0.309074706453592,0.000781253339615463,0.690144040206793
"GGGATGACAAAGCAAT_NS_03","P3003","train","IV","IV","Advanced",1,"IV",2,"Epithelial cells","Epithelial cells","Malignant cells","mBrain","NS_03","mBrain",0.0922148266813142,0.0482243650185593,0.859560808300126,1.98711064866341e-05,5.15382277742675e-05,0.999928590665739,2.1864756828296e-05,5.79532623029354e-05,0.999920181980869,4.25737940562975e-06,1.10936991130381e-05,0.999984648921481,3.74484636125458e-06,1.36796365406419e-05,0.999982575517098
"ATAAGAGCATGTAAGA_NS_13","P3013","train","IV","IV","Advanced",1,"IV",2,"B lymphocytes","B lymphocytes","Plasma cells","mBrain","NS_13","mBrain",0.210048478618164,0.158286115349431,0.631665406032405,0.0380019870555053,0.0125644587657731,0.949433554178722,0.0379173143505205,0.0127172756242637,0.949365410025216,0.00849248736179589,0.00282203462972811,0.988685478008476,0.00891197269637903,0.00314140992354865,0.987946617380072
"CTGATAGTCGAACGGA_NS_19","P3019","train","IV","IV","Advanced",1,"IV",2,"Myeloid cells","Myeloid cells","CD1c+ DCs","mBrain","NS_19","mBrain",0.423386887723146,0.162393840123609,0.414219272153244,0.147183018157935,0.0160186458533748,0.83679833598869,0.142751613143941,0.0174587959668667,0.839789590889193,0.0359197291593614,0.00395763301455611,0.960122637826083,0.0349295726053706,0.00403977342663373,0.961030653967996
"GACGCGTCAGATAATG_NS_03","P3003","train","IV","IV","Advanced",1,"IV",2,"Epithelial cells","Epithelial cells","Malignant cells","mBrain","NS_03","mBrain",0.0118938088580189,0.0405160861116022,0.947590105030379,8.9361206613416e-07,2.45194624704888e-05,0.999974586925463,1.58985908925767e-06,3.27361463397145e-05,0.999965673994571,1.90440481059784e-07,5.29184925780504e-06,0.999994517710261,1.81072907039063e-07,8.14036622552334e-06,0.999991678560867
"TACTTACGTCTAAAGA_NS_17","P3017","train","IV","IV","Advanced",1,"IV",2,"Epithelial cells","Epithelial cells","Malignant cells","mBrain","NS_17","mBrain",0.00185238433718209,1.33756787274089e-06,0.998146278094945,3.5773933871147e-05,2.35323309148824e-07,0.99996399074282,2.679531844001e-05,1.10464242540815e-07,0.999973094217318,7.65477831934691e-06,4.99791809985687e-08,0.9999922952425,6.12290769418408e-06,2.8481439020795e-08,0.999993848610867
"ACGGAGAGTTACAGAA_NS_03","P3003","train","IV","IV","Advanced",1,"IV",2,"Epithelial cells","Epithelial cells","Malignant cells","mBrain","NS_03","mBrain",0.0123360278818843,0.0318076591786245,0.955856312939491,7.47312470006432e-07,1.53904918794896e-05,0.99998386219565,1.29308474727512e-06,1.92872209275826e-05,0.999979419694325,1.59111891907452e-07,3.31889481798374e-06,0.99999652199329,1.49266736678707e-07,4.95326011243894e-06,0.999994897473151
"GGCGTGTCACACCGAC_NS_19","P3019","train","IV","IV","Advanced",1,"IV",2,"Myeloid cells","Myeloid cells","mo-Mac","mBrain","NS_19","mBrain",0.0643643443204867,0.0688655229810894,0.866770132698424,2.78216979653235e-05,9.38691772885775e-06,0.999962791384306,2.92824879584779e-05,9.0254749024342e-06,0.999961692037139,6.05267725979774e-06,2.03119138701166e-06,0.999991916131353,6.19872411634657e-06,1.6729653681935e-06,0.999992128310515
"TCGCGAGGTGTCTGAT_NS_17","P3017","train","IV","IV","Advanced",1,"IV",2,"T lymphocytes",NA,NA,"mBrain","NS_17","mBrain",0.0388698150799008,0.00028582829469621,0.960844356625403,0.0074653441182228,5.77811547772675e-05,0.992476874727,0.00634006747613909,3.30490564609946e-05,0.9936268834674,0.00160812904039346,1.22158403763679e-05,0.99837965511923,0.00140106828410284,7.77878242560025e-06,0.998591152933472
"CCATGTCCAGTCAGAG_NS_03","P3003","train","IV","IV","Advanced",1,"IV",2,"Myeloid cells","Myeloid cells","Monocytes","mBrain","NS_03","mBrain",0.045714784702807,0.0619684284164207,0.892316786880772,0.000585480939252595,9.91689447269758e-05,0.99931535011602,0.00073982140050557,9.62892117953254e-05,0.999163889387699,0.00012822390667879,2.20086256711629e-05,0.99984976746765,0.000140204224077434,2.00444826707313e-05,0.999839751293252
"AGTCTTTTCAGATAAG_NS_04","P3004","train","IV","IV","Advanced",1,"IV",2,"Epithelial cells","Epithelial cells","Malignant cells","mBrain","NS_04","mBrain",0.328434870939259,0.00437215237144097,0.6671929766893,9.99999999999102e-13,6.11925618982284e-11,0.999999999937808,9.99999999999052e-13,6.30802963138233e-11,0.99999999993592,1.42857142863999e-12,1.32049943247766e-11,0.999999999985366,1.42857142864863e-12,1.48562663800483e-11,0.999999999983715
"ATTGGTGAGCGGCTTC_NS_17","P3017","train","IV","IV","Advanced",1,"IV",2,"Epithelial cells","Epithelial cells","Malignant cells","mBrain","NS_17","mBrain",0.00264763137632677,2.73077754255062e-06,0.997349637846131,5.47113752901736e-05,3.75194808703612e-07,0.999944913429901,4.17753208089331e-05,1.83554350844277e-07,0.99995804112484,1.1703312463947e-05,7.9667635155748e-08,0.999988217019901,9.38682588129925e-06,4.72915147160002e-08,0.999990565882604
"CGTTCTGAGAGCTGCA_NS_02","P3002","train","IV","IV","Advanced",1,"IV",2,"Myeloid cells","Myeloid cells","mo-Mac","mBrain","NS_02","mBrain",0.00324513769912198,0.00969108431845387,0.987063777982424,1.50012170199341e-07,1.38275575615006e-07,0.999999711712254,1.63119673945956e-07,1.04110734532513e-07,0.999999732769592,3.22167679347161e-08,2.94831248983917e-08,0.999999938300107,3.59673068441081e-08,1.82464865628933e-08,0.999999945786207
"TCTCTAAAGGGATACC_NS_02","P3002","train","IV","IV","Advanced",1,"IV",2,"Myeloid cells","Myeloid cells","mo-Mac","mBrain","NS_02","mBrain",0.0651635452462993,0.0457643860901936,0.889072068663507,9.37642299593615e-05,2.43722906571853e-05,0.999881863479383,8.08664316808124e-05,2.15261499705283e-05,0.999897607418349,2.00650992876692e-05,5.20731905504265e-06,0.999974727581657,1.83345917196368e-05,4.85183011895903e-06,0.999976813578161
"CTGCTGTAGTCGCCGT_NS_03","P3003","train","IV","IV","Advanced",1,"IV",2,"Epithelial cells","Epithelial cells","Malignant cells","mBrain","NS_03","mBrain",0.00737956530625617,0.0256162063234879,0.967004228370256,2.35908499144371e-07,7.56683779641046e-06,0.999992197253704,4.21630861976961e-07,9.62527163253611e-06,0.999989953097505,5.02435467667915e-08,1.633221769734e-06,0.999998316534684,4.86935490904917e-08,2.47245058028436e-06,0.999997478855871
"ACGCCAGTCGCTTGTC_NS_16","P3016","train","IIIA","III","Advanced",1,"II_III",1,"Myeloid cells","Myeloid cells","mo-Mac","mBrain","NS_16","mBrain",0.0762649117477758,0.137622134467835,0.786112953784389,0.00238877302648769,0.00274933893789309,0.994861888035619,0.0021073037015793,0.00243413106088515,0.995458565237536,0.00235888704327746,0.0128579748595446,0.984783138097178,0.00219785177155018,0.0144922594781994,0.98330988875025
"CCATTCGGTGTTGAGG_NS_13","P3013","train","IV","IV","Advanced",1,"IV",2,"MAST cells","MAST cells","MAST","mBrain","NS_13","mBrain",0.442395982151938,0.153543524884558,0.404060492963504,0.577294871503102,0.0149649254260558,0.407740203070843,0.583623907210795,0.0149914850085702,0.401384607780635,0.231497991975005,0.00606747775250783,0.762434530272487,0.238494691870322,0.00684252402937761,0.754662784100301
"CAACTAGAGGGTGTGT_NS_02","P3002","train","IV","IV","Advanced",1,"IV",2,"Myeloid cells","Myeloid cells","mo-Mac","mBrain","NS_02","mBrain",0.00910305191479903,0.0258010970601519,0.965095851025049,5.49469375925269e-06,1.14559129540546e-05,0.999983049393287,3.1212283125335e-06,1.06059804886957e-05,0.999986272791199,1.15429414699211e-06,2.45409308813977e-06,0.999996391612765,7.15505795681829e-07,2.46012510460257e-06,0.9999968243691
"GGGATGACACATCTTT_NS_19","P3019","train","IV","IV","Advanced",1,"IV",2,"Myeloid cells","Myeloid cells","mo-Mac","mBrain","NS_19","mBrain",0.00012262337332394,0.00057428324813044,0.999303093378546,7.52443016334112e-12,3.76987040304311e-10,0.999999999615489,5.06242023839654e-12,2.58914418748065e-10,0.999999999736023,1.60127953708855e-12,7.85950960901422e-11,0.999999999919804,1.42857142892428e-12,6.62516861965026e-11,0.99999999993232
"TGACAACAGTGGGTTG_NS_03","P3003","train","IV","IV","Advanced",1,"IV",2,"Epithelial cells","Epithelial cells","Malignant cells","mBrain","NS_03","mBrain",0.00522340104672282,0.0175025823094898,0.977274016643787,2.27128485129469e-07,2.59956722069327e-06,0.999997173304294,3.92345960889252e-07,3.26031295025531e-06,0.999996347341089,4.83562127414849e-08,5.62987885345126e-07,0.999999388655902,4.85351706014429e-08,8.21916404207884e-07,0.999999129548425
