"Cell","Patient","split","Stage","Stage_broad","Stage_group","z_obs","Stage_cat","y_cat","Cell_type","Cell_type.refined","Cell_subtype","Tissue","Sample","Sample_Origin","naive_prob_I","naive_prob_II_III","naive_prob_IV","cat_em_prob_I","cat_em_prob_II_III","cat_em_prob_IV","cat_mcem_prob_I","cat_mcem_prob_II_III","cat_mcem_prob_IV","cat_em_soft_label_I","cat_em_soft_label_II_III","cat_em_soft_label_IV","cat_mcem_soft_label_I","cat_mcem_soft_label_II_III","cat_mcem_soft_label_IV"
"CTAATGGGTGAAATCA_NS_03","P3003","train","IV","IV","Advanced",1,"IV",2,"Epithelial cells","Epithelial cells","Malignant cells","mBrain","NS_03","mBrain",0.0368598879803226,0.012379447615113,0.950760664404564,4.75867867615314e-05,1.41534185657296e-06,0.999950997871382,1.99783723190505e-05,6.21089486426719e-07,0.999979400538195,1.03101368763157e-05,3.07889716679807e-07,0.999989381973407,6.36426096755416e-06,2.0379826264653e-07,0.99999343194077
"CTAATGGGTATAAACG_NS_13","P3013","train","IV","IV","Advanced",1,"IV",2,"MAST cells","MAST cells","MAST","mBrain","NS_13","mBrain",0.747636557177666,0.103289725176114,0.14907371764622,0.949583859638302,0.00128585465342672,0.0491302857082717,0.95499317126008,0.00119730829408984,0.0438095204458299,0.804881517047789,0.0010941962042472,0.194024286747964,0.821373057392906,0.00106251365876152,0.177564428948332
"CGTCACTGTCTTGTCC_NS_03","P3003","train","IV","IV","Advanced",1,"IV",2,"Epithelial cells","Epithelial cells","Malignant cells","mBrain","NS_03","mBrain",0.100610182392421,0.0353241879564984,0.864065629651081,0.000834985255571898,2.78928343770027e-05,0.999137121910051,0.000373965229064001,1.34795292336788e-05,0.999612555241702,0.000181074625934902,6.06920244072369e-06,0.999812856171624,0.000114812003403259,4.3898905937009e-06,0.999880798106003
"CAGTCCTCATCATCCC_NS_02","P3002","train","IV","IV","Advanced",1,"IV",2,"Epithelial cells","Epithelial cells","Malignant cells","mBrain","NS_02","mBrain",0.179660515620899,0.0757932524889424,0.744546231890159,0.026660800918912,0.00124153808894533,0.972097660992143,0.0197777607524006,0.000967146715098643,0.979255092532501,0.00587183907864421,0.000274602161208981,0.993853558760147,0.00491568593088833,0.000254759904095721,0.994829554165016
"CTCGAGGAGCCACGCT_NS_17","P3017","train","IV","IV","Advanced",1,"IV",2,"Myeloid cells","Myeloid cells","Microglia/Mac","mBrain","NS_17","mBrain",0.107926787495664,0.0653213121217032,0.826751900382633,0.000111414863999994,2.39963783824439e-05,0.999864588757618,0.00014143299098127,2.54475772057017e-05,0.999833119431813,2.44864696116362e-05,5.32985499671581e-06,0.999970183675392,3.06193196791492e-05,5.82047952115042e-06,0.9999635602008
"TGACAACGTTCACCTC_NS_03","P3003","train","IV","IV","Advanced",1,"IV",2,"Epithelial cells","Epithelial cells",NA,"mBrain","NS_03","mBrain",0.158820968252567,0.0537563678258949,0.787422663921538,0.00947121303490697,0.00026393923519443,0.990264847729899,0.00586966813877912,0.000176930554668517,0.993953401306552,0.00205934479867799,5.75927952332448e-05,0.997883062406089,0.00155215006614745,4.94621711352387e-05,0.998398387762717
"GCGACCAAGAGCTGCA_NS_02","P3002","train","IV","IV","Advanced",1,"IV",2,"Myeloid cells","Myeloid cells","mo-Mac","mBrain","NS_02","mBrain",0.0814205732193362,0.0652535603349833,0.853325866445681,2.74840052590407e-06,1.01996142808856e-06,0.999996231638046,3.58938099681013e-06,9.55711561956943e-07,0.999995454907441,6.12237539395122e-07,2.3047578495928e-07,0.999999157286676,7.71441228584487e-07,2.12960098052835e-07,0.999999015598673
"AGGCCGTGTTGGTTTG_NS_16","P3016","train","IIIA","III","Advanced",1,"II_III",1,"Oligodendrocytes",NA,NA,"mBrain","NS_16","mBrain",0.001646372633088,0.468987050577058,0.529366576789854,0.000860480543554471,0.544161949800581,0.454977569655864,0.000867896688251823,0.553358304639172,0.445773798672577,0.000287138524852869,0.847510665311037,0.15220219616411,0.000201732651012512,0.841939338491266,0.157858928857722
"AAAGTAGAGAATTCCC_NS_17","P3017","train","IV","IV","Advanced",1,"IV",2,"Myeloid cells","Myeloid cells","Microglia/Mac","mBrain","NS_17","mBrain",0.150537571812429,0.1119173430568,0.737545085130772,0.00414978912479299,0.00163654208888077,0.994213668786326,0.00489544081696431,0.00172966113625503,0.993374898046781,0.000904920267004885,0.000358616163146762,0.998736463569848,0.0010719341159953,0.000396787820855024,0.99853127806315
"ATCATGGGTTGTGGAG_NS_03","P3003","train","IV","IV","Advanced",1,"IV",2,"Epithelial cells","Epithelial cells","Malignant cells","mBrain","NS_03","mBrain",0.161487292623414,0.0402659911667768,0.79824671620981,0.00490745793930761,5.54230208227351e-05,0.99503711903987,0.00249910796288572,3.02004628490188e-05,0.997470691574265,0.00106596966133232,1.20917748979257e-05,0.99892193856377,0.000719387200422828,9.17530361538773e-06,0.999271437495962
"AGAGCGAAGGTGTGGT_NS_02","P3002","train","IV","IV","Advanced",1,"IV",2,"Myeloid cells","Myeloid cells","mo-Mac","mBrain","NS_02","mBrain",0.149854050102624,0.0767243474858728,0.773421602411503,9.64851147394973e-05,5.9883941543482e-06,0.999897526491106,0.00011819761637828,5.48224298062881e-06,0.999876320140641,2.13075806060439e-05,1.34921385632373e-06,0.999977343205538,2.49063694440007e-05,1.21674244870634e-06,0.999973876888107
"GCATGATGTGAGGGTT_NS_13","P3013","train","IV","IV","Advanced",1,"IV",2,"T lymphocytes","T/NK cells","Undetermined","mBrain","NS_13","mBrain",0.271657937239949,0.120352124311665,0.607989938448386,0.201258032733746,0.0369503345022301,0.761791632764024,0.198308376219683,0.0386165962431156,0.763075027537201,0.0530632592751309,0.00973157231290365,0.937205168411965,0.0496556934509339,0.00979543676524152,0.940548869783825
"GACTAACGTTTGGGCC_NS_02","P3002","train","IV","IV","Advanced",1,"IV",2,"T lymphocytes","T/NK cells","CD4+ Th","mBrain","NS_02","mBrain",0.475043483444726,0.153492802318664,0.37146371423661,0.34067032163738,0.016184126776699,0.643145551585921,0.342476610254519,0.0164631233044494,0.641060266441032,0.101795642196473,0.00484832971215039,0.893356028091376,0.10094224939988,0.00471914613239096,0.894338604467729
"CGTTAGATCGCCATAA_NS_16","P3016","train","IIIA","III","Advanced",1,"II_III",1,"NK cells","T/NK cells","NK","mBrain","NS_16","mBrain",0.546995837925853,0.279486483512728,0.173517678561419,0.871919332383522,0.064704790794132,0.063375876822346,0.873960163723777,0.0632410567569299,0.0627987795192928,0.704124222961498,0.244812017591805,0.0510637594466961,0.701730119662534,0.246754973640677,0.0515149066967889
"GTAACTGGTTCTCATT_NS_16","P3016","train","IIIA","III","Advanced",1,"II_III",1,"B lymphocytes","B lymphocytes","MALT B cells","mBrain","NS_16","mBrain",0.612196732852653,0.258484136686036,0.129319130461311,0.698782274037595,0.248163316903088,0.053054409059317,0.708382094740596,0.241693684757789,0.0499242205016148,0.365762171763997,0.606442046521293,0.0277957817147099,0.353557528978834,0.619435409211127,0.0270070618100388
"GACTACACACCGCTAG_NS_03","P3003","train","IV","IV","Advanced",1,"IV",2,"Epithelial cells","Epithelial cells","Malignant cells","mBrain","NS_03","mBrain",0.0449040438004097,0.0271353295928439,0.927960626606746,8.50909934521995e-05,6.67665403880395e-06,0.999908232352509,3.26593029931855e-05,2.71889404547346e-06,0.999964621802961,1.84811688719361e-05,1.45500041551139e-06,0.999980063830712,1.0466935727441e-05,9.40811373735394e-07,0.999988592252899
"GTCGGGTCAAAGGAAG_NS_19","P3019","train","IV","IV","Advanced",1,"IV",2,"Myeloid cells","Myeloid cells","mo-Mac","mBrain","NS_19","mBrain",0.0438170447228386,0.0538569004450799,0.902326054832082,5.18855938994818e-06,6.19560206177976e-06,0.999988615838548,6.17358985717222e-06,5.84552194855924e-06,0.999987980888194,1.14326160678707e-06,1.37806269461154e-06,0.999997478675699,1.34308430973434e-06,1.32735239245711e-06,0.999997329563298
"GGCCGATTCACGATGT_NS_19","P3019","train","IV","IV","Advanced",1,"IV",2,"Myeloid cells","Myeloid cells","mo-Mac","mBrain","NS_19","mBrain",0.0527443822827646,0.0762831924587475,0.870972425258488,9.22722882968711e-05,5.19811314831706e-05,0.99985574658022,0.000105274941393304,5.04151423934378e-05,0.999844309916213,2.01604002950346e-05,1.14318828238997e-05,0.999968407716881,2.13689165936429e-05,1.08705873492055e-05,0.999967760496057
"GATCAGTAGCATCATC_NS_02","P3002","train","IV","IV","Advanced",1,"IV",2,"Myeloid cells","Myeloid cells","mo-Mac","mBrain","NS_02","mBrain",0.0233553756826672,0.0368075139316794,0.939837110385653,8.80936939958727e-07,1.28214113963326e-06,0.99999783692192,1.06601535258259e-06,1.18238109945016e-06,0.999997751603548,1.94278598919358e-07,2.87248063338063e-07,0.999999518473338,2.3234752038087e-07,2.69342459399726e-07,0.99999949831002
"GCGCGATTCTAACTTC_NS_04","P3004","train","IV","IV","Advanced",1,"IV",2,"Epithelial cells","Epithelial cells","Malignant cells","mBrain","NS_04","mBrain",0.136817427173757,0.0347754084181786,0.828407164408064,0.0498648408325942,0.000990168701249713,0.949144990466156,0.0431592315638988,0.000919676880317303,0.955921091555784,0.0111480692502184,0.00022222117008083,0.988629709579701,0.010433512923156,0.000236580234620154,0.989329906842224
"GGGAGATTCTTCGGTC_NS_19","P3019","train","IV","IV","Advanced",1,"IV",2,"Myeloid cells","Myeloid cells","mo-Mac","mBrain","NS_19","mBrain",0.193334088317999,0.140712347855767,0.665953563826234,0.0205432262386649,0.00411743456238194,0.975339339198953,0.0239734975722326,0.00422797072620877,0.971798531701559,0.00454327218734156,0.000929815466324444,0.994526912346334,0.00515988013552868,0.00101774700647626,0.993822372857995
"TTCTTAGTCAGCCTAA_NS_02","P3002","train","IV","IV","Advanced",1,"IV",2,"T lymphocytes","T/NK cells","Treg","mBrain","NS_02","mBrain",0.32221346159733,0.249576589725571,0.428209948677099,0.340916706157492,0.135773726228281,0.523309567614228,0.342863304357912,0.140411794031142,0.516724901610946,0.116604490554642,0.0465048224523212,0.836890686993037,0.114552582835655,0.0473513201871115,0.838096096977233
"AGTCTTTGTGAAAGAG_NS_04","P3004","train","IV","IV","Advanced",1,"IV",2,"T lymphocytes","T/NK cells","Exhausted CD8+ T","mBrain","NS_04","mBrain",0.576693143962682,0.201061327426522,0.222245528610797,0.847327498584712,0.0514149623031428,0.101257539112145,0.845669546302372,0.0504356863785538,0.103894767319074,0.618122627193817,0.0376289697538827,0.3442484030523,0.618437025814294,0.0346720888642437,0.346890885321462
"CTACATTCACTTGGAT_NS_19","P3019","train","IV","IV","Advanced",1,"IV",2,"B lymphocytes","B lymphocytes","Plasma cells","mBrain","NS_19","mBrain",0.361911288907461,0.211713635533202,0.426375075559337,0.264806732861313,0.0970562178078695,0.638137049330817,0.267732618226464,0.0983149365851148,0.633952445188421,0.0792928529749256,0.0290908766019886,0.891616270423086,0.0772387135400386,0.030887032596961,0.891874253863
"GGATTACTCGCCCTTA_NS_17","P3017","train","IV","IV","Advanced",1,"IV",2,"Fibroblasts","Fibroblasts","Pericytes","mBrain","NS_17","mBrain",0.0879227555547646,0.750156709451687,0.161920534993548,0.0350945324704914,0.94133593085937,0.0235695366701388,0.034293673391712,0.939689543982079,0.0260167826262088,0.0323029315197432,0.866031478698597,0.10166558978166,0.0275342649117029,0.85525897788232,0.117206757205977
"ATCATCTAGGGATCTG_NS_17","P3017","train","IV","IV","Advanced",1,"IV",2,"Epithelial cells","Epithelial cells","Malignant cells","mBrain","NS_17","mBrain",0.198096779003105,0.0619527518471234,0.739950469149772,0.125311170978826,0.00427703393093957,0.870411795090235,0.138493048898553,0.00508603374412283,0.856420917357324,0.0298359008416307,0.00102173808586804,0.969142361072501,0.0339443456923047,0.00132207645978722,0.964733577847908
"CTGCCTACACGGTAAG_NS_19","P3019","train","IV","IV","Advanced",1,"IV",2,"Epithelial cells","Epithelial cells","Malignant cells","mBrain","NS_19","mBrain",0.0979558564742666,0.0842487974162993,0.817795346109434,0.00630428943713878,0.00116380528695343,0.992531905275908,0.00447136953102961,0.000853335068126266,0.994675295400844,0.00136534178961757,0.000252737031699749,0.998381921178683,0.0010779346605292,0.000224551173564393,0.998697514165906
"TTGGCAATCGAATGCT_NS_19","P3019","train","IV","IV","Advanced",1,"IV",2,"Epithelial cells","Epithelial cells","Malignant cells","mBrain","NS_19","mBrain",0.0604192284505921,0.049285161722233,0.890295609827175,0.000658835674237562,0.000175619395197551,0.999165544930565,0.000427625315614364,0.0001131803632911,0.999459194321095,0.00014257171666126,3.81061661779015e-05,0.999819322117161,0.000109773589885731,3.15395056177783e-05,0.999858686904497
"CAGAATCCACATGACT_NS_04","P3004","train","IV","IV","Advanced",1,"IV",2,"Myeloid cells","Myeloid cells","mo-Mac","mBrain","NS_04","mBrain",0.332097379808688,0.0906829886884108,0.577219631502901,0.000327581756687452,7.06032122347335e-06,0.999665357922089,0.000417209921077741,6.83221948029679e-06,0.999575957859442,7.2814838488903e-05,1.59112819514442e-06,0.999925594033316,8.78649284701389e-05,1.49852207480813e-06,0.999910636549455
"TGAGGGATCAGCACAT_NS_02","P3002","train","IV","IV","Advanced",1,"IV",2,"Oligodendrocytes",NA,NA,"mBrain","NS_02","mBrain",0.000282590973238077,0.465736236036312,0.533981172990449,4.99083440008239e-05,0.282548668590277,0.717401423065722,5.16937210422568e-05,0.271934285625289,0.728014020653669,1.37495452728666e-05,0.0779057406403397,0.922080509814387,8.48160048904617e-06,0.0664605801449505,0.93353093825456
"TCCACACTCAGCCTAA_NS_19","P3019","train","IV","IV","Advanced",1,"IV",2,"Fibroblasts","Endothelial cells","Tumor ECs","mBrain","NS_19","mBrain",0.166275511443708,0.139022038390629,0.694702450165662,0.0117638109524364,0.00526264030055974,0.982973548747004,0.00880926658009187,0.00387478757266995,0.987315945847238,0.00256202556610663,0.0011490294793243,0.996288944954569,0.002013945621123,0.000909037650247511,0.997077016728629
"CACATTTTCGGCGGTT_NS_13","P3013","train","IV","IV","Advanced",1,"IV",2,"Epithelial cells","Epithelial cells","Malignant cells","mBrain","NS_13","mBrain",0.696937152980131,0.120237964330433,0.182824882689436,0.765659628260567,0.00286453125655161,0.231475840482882,0.736230623418777,0.00329790655556115,0.260471470025662,0.416499736724327,0.00155023827561301,0.58195002500006,0.358569032106096,0.00186076180010915,0.639570206093795
"CACCTTGAGCTAACAA_NS_02","P3002","train","IV","IV","Advanced",1,"IV",2,"NK cells","T/NK cells","NK","mBrain","NS_02","mBrain",0.534208338703739,0.149472472088326,0.316319189207935,0.662807925629806,0.0130196932100216,0.324172381160172,0.664840291010816,0.0121712855955872,0.322988423393597,0.303391787037037,0.00599328666364885,0.690614926299314,0.304405389175628,0.00554893589077551,0.690045674933597
"TCCCGATCAGTTAACC_NS_17","P3017","train","IV","IV","Advanced",1,"IV",2,"Epithelial cells","Epithelial cells","Malignant cells","mBrain","NS_17","mBrain",0.163716785231078,0.0594870890762928,0.776796125692629,0.0563016873063029,0.00205065169635314,0.941647660997344,0.0562585253281402,0.00220061402944816,0.941540860642412,0.0126475052289336,0.000462297934519143,0.986890196836547,0.0131990770626763,0.000548631959783232,0.98625229097754
"TGTTCCGCAGCGTAAG_NS_02","P3002","train","IV","IV","Advanced",1,"IV",2,"B lymphocytes","B lymphocytes","Follicular B cells","mBrain","NS_02","mBrain",0.731918591281661,0.0481294876831125,0.219951921035226,0.95093946109706,0.000662723564021991,0.0483978153389179,0.952103763277798,0.000674471405172557,0.0472217653170293,0.807862462858943,0.000566669905628375,0.191570867235428,0.805575609137869,0.000588347168777493,0.193836043693353
"ATGCGATAGTAGCGGT_NS_03","P3003","train","IV","IV","Advanced",1,"IV",2,"Epithelial cells","Epithelial cells","Malignant cells","mBrain","NS_03","mBrain",0.108369249933407,0.0359801118501503,0.855650638216443,0.00102585611439362,3.11323253771968e-05,0.998943011560229,0.00046622122534803,1.52952254023442e-05,0.99951848354925,0.000222467525849801,6.77517179980894e-06,0.99977075730235,0.00014227568007057,4.94645360492951e-06,0.999852777866324
"CGTGAGCGTTGTACAC_NS_13","P3013","train","IV","IV","Advanced",1,"IV",2,"Epithelial cells","Epithelial cells","Malignant cells","mBrain","NS_13","mBrain",0.741986436710528,0.105989984081273,0.152023579208199,0.928321305613551,0.00187168599431112,0.0698070083921376,0.922627899257167,0.00217039702804287,0.0752017037147898,0.74052695962047,0.0014884537826527,0.257984586596878,0.700682742068273,0.00187729370154417,0.297439964230183
"ACTGAACAGGGTGTTG_NS_19","P3019","train","IV","IV","Advanced",1,"IV",2,"Myeloid cells","Myeloid cells","mo-Mac","mBrain","NS_19","mBrain",0.249104047670269,0.103519630807777,0.647376321521954,0.00151462599881063,0.000101158989754429,0.998384215011435,0.00181419137646943,0.000100101546261455,0.998085707077269,0.000333119472758304,2.25067059622086e-05,0.999644373821279,0.000383787978943994,2.2263758487887e-05,0.999593948262568
"GGCTCGACATGTAGTC_NS_03","P3003","train","IV","IV","Advanced",1,"IV",2,"Epithelial cells","Epithelial cells","Malignant cells","mBrain","NS_03","mBrain",0.0917565612954339,0.0365352664323542,0.871708172272212,0.00118172137310601,4.55843411610473e-05,0.998772694285733,0.000570300382440835,2.37428791183703e-05,0.999405956738441,0.00025605086739122,9.91108494968449e-06,0.999734038047659,0.000168993277165942,7.50672782408654e-06,0.99982349999501
"CACATTTTCCTAGTGA_NS_19","P3019","train","IV","IV","Advanced",1,"IV",2,"Myeloid cells","Myeloid cells","mo-Mac","mBrain","NS_19","mBrain",0.23346870032668,0.190764172500833,0.575767127172487,0.0332314479576347,0.00884777296779823,0.957920779074567,0.0375715576763774,0.0086567339005388,0.953771708423084,0.00745918054604348,0.00203084375497653,0.99050997569898,0.00841522467403651,0.00217521423144607,0.989409561094517
"GAACCTATCCTTCAAT_NS_04","P3004","train","IV","IV","Advanced",1,"IV",2,"Myeloid cells","Myeloid cells","mo-Mac","mBrain","NS_04","mBrain",0.00773287605984311,0.00452967550711171,0.987737448433045,1.28553476865368e-08,8.5259107230404e-10,0.999999986292061,1.47696130544767e-08,6.77393754610775e-10,0.999999984552993,2.83806307568694e-09,1.90728961961501e-10,0.999999996971208,3.22387071927135e-09,1.39515761791214e-10,0.999999996636614
"TCACAAGTCTTCGAGA_NS_03","P3003","train","IV","IV","Advanced",1,"IV",2,"Epithelial cells","Epithelial cells","Malignant cells","mBrain","NS_03","mBrain",0.0675302614534736,0.0357069822157166,0.89676275633081,0.000548722154855971,3.56157079375442e-05,0.999415662137206,0.000246656654985328,1.72117860668729e-05,0.999736131558948,0.000118938580741759,7.74537163430367e-06,0.999873316047624,7.38387351983185e-05,5.57649539041835e-06,0.999920584769411
"CCTAGCTTCCTCCTAG_NS_17","P3017","train","IV","IV","Advanced",1,"IV",2,"Epithelial cells","Epithelial cells","Malignant cells","mBrain","NS_17","mBrain",0.132177667950112,0.034624727334397,0.833197604715491,0.0310474377900864,0.000887716123837553,0.968064846086076,0.0326319713316614,0.00100207796178412,0.966365950706555,0.00680967239168965,0.00019533223707842,0.992994995371232,0.00789685830540306,0.000254584837648557,0.991848556856948
"CGGAGTCGTAGGGACT_NS_17","P3017","train","IV","IV","Advanced",1,"IV",2,"Epithelial cells","Epithelial cells","Malignant cells","mBrain","NS_17","mBrain",0.110274175695653,0.0300773242642916,0.859648500040056,0.0237919198172141,0.000680652868451959,0.975527427314334,0.0246323127795258,0.000755238450442227,0.974612448770032,0.0051897167935042,0.000149007432472375,0.994661275774023,0.00583025458175911,0.000187552125906889,0.993982193292334
"AGAATAGCAATCGAAA_NS_17","P3017","train","IV","IV","Advanced",1,"IV",2,"Myeloid cells","Myeloid cells","Microglia/Mac","mBrain","NS_17","mBrain",0.0905340120206323,0.0815570444852821,0.827908943494086,0.000268352361831119,0.000137530083988621,0.99959411755418,0.000324400900849887,0.000144966105792713,0.999530632993357,5.86622627884323e-05,3.02445801194508e-05,0.999911093157092,6.9708846003426e-05,3.28061711654746e-05,0.999897484982831
"ACGTCAAGTTCCATGA_NS_03","P3003","train","IV","IV","Advanced",1,"IV",2,"Epithelial cells","Epithelial cells","Malignant cells","mBrain","NS_03","mBrain",0.070134682911013,0.0266995846731271,0.90316573241586,0.000379344612477651,1.56788525305528e-05,0.999604976534992,0.000161940633194729,7.20092088514994e-06,0.99983085844592,8.22707685221009e-05,3.41205527412304e-06,0.999914317176204,5.0621352806127e-05,2.40083730445983e-06,0.999946977809889
"CAGATCAGTAATCACC_NS_19","P3019","train","IV","IV","Advanced",1,"IV",2,"Myeloid cells","Myeloid cells","mo-Mac","mBrain","NS_19","mBrain",0.394080879635958,0.16551176840824,0.440407351955802,0.0511039377781897,0.00386272145127318,0.945033340770537,0.0592883421012199,0.00377640905032416,0.936935248848456,0.0116424086910353,0.000887420588570785,0.987470170720394,0.0132142024397019,0.000881949934517884,0.98590384762578
"CAGCAGCTCTCTAGGA_NS_06","P3006","train","IV","IV","Advanced",1,"IV",2,"Oligodendrocytes",NA,NA,"mBrain","NS_06","mBrain",0.00137961259905482,0.464851206506305,0.533769180894641,0.000487950746186378,0.431953310013426,0.567558739240388,0.000499866706850813,0.43833531944618,0.56116481384697,0.000158312871917674,0.140193008648289,0.859648678479793,0.000108269685700205,0.133282357146287,0.866609373168013
"TCGAGGCAGTGCTGCC_NS_13","P3013","train","IV","IV","Advanced",1,"IV",2,"B lymphocytes","B lymphocytes","Follicular B cells","mBrain","NS_13","mBrain",0.591907970511604,0.0858172553945015,0.322274774093895,0.709395270465175,0.00462657754155888,0.285978151993266,0.711395806213286,0.00471356353883665,0.283890630247877,0.346825737290452,0.00226933279898208,0.650904929910566,0.34147127095986,0.00234822160701451,0.656180507433125
"GCTCCTAAGCGAAGGG_NS_06","P3006","train","IV","IV","Advanced",1,"IV",2,"Myeloid cells","Myeloid cells","CD163+CD14+ DCs","mBrain","NS_06","mBrain",0.225648493655568,0.109858802190036,0.664492704154396,0.000909769565741948,5.92237237181367e-05,0.99903100671054,0.00119139988080074,5.84968675588355e-05,0.99875010325164,0.000200954973469278,1.35428078899762e-05,0.999785502218641,0.000250605128506498,1.40254759670174e-05,0.999735369395527
"ACTGCTCTCAATCTCT_NS_06","P3006","train","IV","IV","Advanced",1,"IV",2,"Myeloid cells","Myeloid cells","Undetermined","mBrain","NS_06","mBrain",0.257042788459922,0.222910329214164,0.520046882325914,0.0898932850429405,0.0440780409624964,0.866028673994563,0.100133100512121,0.0438010722119186,0.856065827275961,0.0217028647499859,0.0106944502783723,0.967602684971642,0.02398670274405,0.0111206004277261,0.964892696828224
"GTAACTGTCAATACCG_NS_19","P3019","train","IV","IV","Advanced",1,"IV",2,"Fibroblasts","Fibroblasts","FB-like cells","mBrain","NS_19","mBrain",0.387677257715445,0.350567663422526,0.261755078862029,0.209269273327856,0.21996593934196,0.570764787330184,0.178216439869655,0.184766736132093,0.637016823998252,0.0677413521932001,0.0712987747516145,0.860959873055185,0.0538978587228401,0.0562421507481108,0.889859990529049
"ATGGGAGCACATCCAA_NS_19","P3019","train","IV","IV","Advanced",1,"IV",2,"T lymphocytes","T/NK cells","CD8 low T","mBrain","NS_19","mBrain",0.129727481502218,0.0552646670536088,0.815007851444173,0.0140057269938145,0.00142322658123677,0.984571046424949,0.0133535397587931,0.0013821409307085,0.985264319310498,0.00304448125022858,0.000309745625170898,0.996645773124601,0.0029357589968419,0.000289973631433041,0.996774267371725
"CGCCAAGTCTTCATGT_NS_13","P3013","train","IV","IV","Advanced",1,"IV",2,"MAST cells","MAST cells","MAST","mBrain","NS_13","mBrain",0.556312715705955,0.164974503894446,0.278712780399599,0.72469013228099,0.0078884291586801,0.267421438560329,0.753092144243794,0.00763174893158944,0.239276106824617,0.366054886347193,0.00399224149033597,0.629952872162471,0.397600447668178,0.00418601099590865,0.598213541335914
"TAGAGCTAGCTGATAA_NS_16","P3016","train","IIIA","III","Advanced",1,"II_III",1,"B lymphocytes","B lymphocytes","MALT B cells","mBrain","NS_16","mBrain",0.371816458324826,0.378648450650668,0.249535091024506,0.318140703382551,0.504774360852515,0.177084935764934,0.327724175410161,0.500357666623668,0.171918157966171,0.111591957894608,0.826192775161088,0.0622152669443042,0.105686850531006,0.834093706188304,0.0602194432806897
"GTACTCCTCTTTACGT_NS_16","P3016","train","IIIA","III","Advanced",1,"II_III",1,"T lymphocytes","T/NK cells","CD8+/CD4+ Mixed Th","mBrain","NS_16","mBrain",0.328139408900332,0.323519416433143,0.348341174666525,0.305462430313469,0.222431526634961,0.47210604305157,0.30418766656786,0.222273534574497,0.473538798857643,0.168190272719408,0.572021902753313,0.259787824527279,0.169630745466465,0.565366188531554,0.26500306600198
"TACCTTATCTACCTGC_NS_13","P3013","train","IV","IV","Advanced",1,"IV",2,"MAST cells","MAST cells","MAST","mBrain","NS_13","mBrain",0.375927975288182,0.127052475074743,0.497019549637075,0.199104179620092,0.00226881643624237,0.798627003943666,0.221455808779957,0.00227011225237318,0.77627407896767,0.0506714905538793,0.000578966062548377,0.948749543383572,0.0573551850832473,0.00059676370480053,0.942048051211952
"TCTTTCCTCCCTAACC_NS_17","P3017","train","IV","IV","Advanced",1,"IV",2,"Myeloid cells","Myeloid cells","Microglia/Mac","mBrain","NS_17","mBrain",0.115075399687919,0.0554942380980225,0.829430362214059,2.09965012247906e-05,2.49150438087066e-06,0.999976511994394,2.70519888257603e-05,2.48983509968433e-06,0.999970458176075,4.64852136758884e-06,5.57036746000133e-07,0.999994794441886,5.85418656309636e-06,5.53522682602711e-07,0.999993592290754
"ACACTGAAGAATCTCC_NS_17","P3017","train","IV","IV","Advanced",1,"IV",2,"Epithelial cells","Epithelial cells","Malignant cells","mBrain","NS_17","mBrain",0.0867716310613309,0.0385237166248833,0.874704652313786,0.0205664045596987,0.00130045824202654,0.978133137198275,0.0224447374416335,0.00152550378843201,0.976029758769934,0.00447271225805183,0.000283703284578057,0.99524358445737,0.00522115746199062,0.000384283853817512,0.994394558684192
"CCGGTAGAGGCAAAGA_NS_06","P3006","train","IV","IV","Advanced",1,"IV",2,"Myeloid cells","Myeloid cells","Undetermined","mBrain","NS_06","mBrain",0.114749147200049,0.0986592212282854,0.786591631571665,0.0039030391969334,0.00136288999336016,0.994734070809706,0.0042255617481328,0.0013176911530805,0.994456747098787,0.000846429540435495,0.000296869558822491,0.998856700900742,0.000903544676537624,0.000290057118170119,0.998806398205292
"GACGGCTTCCACGCAG_NS_13","P3013","train","IV","IV","Advanced",1,"IV",2,"T lymphocytes",NA,NA,"mBrain","NS_13","mBrain",0.814814920836476,0.108983515376625,0.0762015637868991,0.989785341828806,0.00340833458512827,0.00680632358606536,0.989720462690282,0.00351037762424723,0.00676915968547073,0.965782381585197,0.00333529241937616,0.0308823259954264,0.963883428503582,0.00348418405008469,0.0326323874463336
"TTAACTCCAGCTGTGC_NS_19","P3019","train","IV","IV","Advanced",1,"IV",2,"Myeloid cells","Myeloid cells","mo-Mac","mBrain","NS_19","mBrain",0.218061242583908,0.151371569280279,0.630567188135813,0.0173790184233057,0.00349903110268686,0.979121950474007,0.0189207969668615,0.00336311233646716,0.977716090696671,0.00383612489041634,0.00078549122978879,0.995378383879795,0.00417815405213502,0.000816150248757495,0.995005695699107
"CAGCTGGCACATTCGA_NS_04","P3004","train","IV","IV","Advanced",1,"IV",2,"Myeloid cells","Myeloid cells","mo-Mac","mBrain","NS_04","mBrain",0.273724872550027,0.123400334882281,0.602874792567692,0.0813055676902503,0.00323955822561207,0.915454874084138,0.0942876282038475,0.00310503761339086,0.902607334182762,0.0188481774790902,0.000771213775367209,0.980380608745543,0.0216730337284377,0.000790683323539725,0.977536282948023
"TGCGTGGAGACGCAAC_NS_04","P3004","train","IV","IV","Advanced",1,"IV",2,"Epithelial cells","Epithelial cells","Malignant cells","mBrain","NS_04","mBrain",0.166453698450382,0.0487050870078251,0.784841214541792,0.0331913855392083,0.0006850932110963,0.966123521249695,0.0276340241637036,0.000627787825135309,0.971738188011161,0.00733288873321093,0.000151634709233769,0.992515476557555,0.00672173562959516,0.000165812655155388,0.99311245171525
"AACTCAGCAGTAAGCG_NS_04","P3004","train","IV","IV","Advanced",1,"IV",2,"Epithelial cells","Epithelial cells","Malignant cells","mBrain","NS_04","mBrain",0.0327920697877057,0.00637205871892722,0.960835871493367,0.000545328698796018,4.60778771847039e-06,0.999450063513486,0.000435555056705195,3.75673867047442e-06,0.999560688204624,0.000117168383184806,9.9395656754812e-07,0.999881837660248,0.00010461884952811,9.19167480581575e-07,0.999894461982991
"GCAAACTGTCAGAATA_NS_19","P3019","train","IV","IV","Advanced",1,"IV",2,"Myeloid cells","Myeloid cells","mo-Mac","mBrain","NS_19","mBrain",0.117384268629852,0.113766934158875,0.768848797211273,3.2943252413616e-05,2.76387713329788e-05,0.999939417976253,4.07952738240845e-05,2.58834781040707e-05,0.999933321248072,7.29017893598125e-06,6.18696993934584e-06,0.999986522851125,8.80562951904621e-06,5.8996952611944e-06,0.99998529467522
"GGAACTTCAAGTACCT_NS_17","P3017","train","IV","IV","Advanced",1,"IV",2,"T lymphocytes","T/NK cells","Exhausted CD8+ T","mBrain","NS_17","mBrain",0.0886867040452057,0.0341152924371965,0.877198003517598,0.016856622399356,0.00113040246393391,0.98201297513671,0.0172310568796891,0.00119034553810411,0.981578597582207,0.00365831080340458,0.000245898711658916,0.996095790484937,0.00375239716809767,0.000250319317785258,0.995997283514117
"TTCTCAAGTCGCTTCT_NS_04","P3004","train","IV","IV","Advanced",1,"IV",2,"Epithelial cells","Epithelial cells","Malignant cells","mBrain","NS_04","mBrain",0.0405525814758393,0.0164265931952362,0.943020825328925,0.00083354983322972,3.83558942629362e-05,0.999128094272507,0.000579828241299092,2.77518861868426e-05,0.999392419872514,0.000179500616701873,8.29217368754577e-06,0.999812207209611,0.000146883491530043,7.36912221553749e-06,0.999845747386254
"TGCACCTTCAGAAATG_NS_13","P3013","train","IV","IV","Advanced",1,"IV",2,"T lymphocytes","T/NK cells","Undetermined","mBrain","NS_13","mBrain",0.413466163120299,0.0804989209268476,0.506034915952853,0.3992446487047,0.0064057135305676,0.594349637764732,0.398760269034058,0.00677421261512694,0.594465518350815,0.125619779863893,0.00201596073331454,0.872364259402792,0.122339314475514,0.00201934363796745,0.875641341886519
"CCTACCAAGCCGGTAA_NS_03","P3003","train","IV","IV","Advanced",1,"IV",2,"Epithelial cells","Epithelial cells","Malignant cells","mBrain","NS_03","mBrain",0.101905115193269,0.0374385957102822,0.860656289096449,0.000910612344358205,3.28879233996031e-05,0.999056499732242,0.000409007339544719,1.59484684380281e-05,0.999575044192017,0.000197474560270813,7.15667224121204e-06,0.999795368767488,0.00012471974208635,5.1736259697235e-06,0.999870106631944
"CGAGCCACACCAGCAC_NS_03","P3003","train","IV","IV","Advanced",1,"IV",2,"Epithelial cells","Epithelial cells","Malignant cells","mBrain","NS_03","mBrain",0.0271504500031123,0.00978792274413829,0.963061627252749,1.2322509112161e-05,3.50753711822411e-07,0.999987326737176,4.58189516153252e-06,1.34470810056118e-07,0.999995283634028,2.67416123335994e-06,7.6478009094324e-08,0.999997249360758,1.53756476683262e-06,4.64162540231903e-08,0.999998416018979
"CATGCCTCAATGGTCT_NS_13","P3013","train","IV","IV","Advanced",1,"IV",2,"B lymphocytes","B lymphocytes","Follicular B cells","mBrain","NS_13","mBrain",0.528986377604117,0.118607358448928,0.352406263946954,0.776165228815375,0.0251483156999462,0.198686455484678,0.780162295439868,0.0262748044505883,0.193562900109543,0.448871674122122,0.0145629085698692,0.536565417308009,0.447440732429657,0.0160426955841878,0.536516571986155
"GGGATGACAAAGCAAT_NS_03","P3003","train","IV","IV","Advanced",1,"IV",2,"Epithelial cells","Epithelial cells","Malignant cells","mBrain","NS_03","mBrain",0.130678451262898,0.0459514099939242,0.823370138743178,0.0067836200633148,0.000191202119719249,0.993025177816966,0.00451560683243276,0.000135807676639578,0.995348585490928,0.00146970171546219,4.15796493540793e-05,0.998488718635184,0.00115215129864395,3.62679713547206e-05,0.998811580730001
"ATAAGAGCATGTAAGA_NS_13","P3013","train","IV","IV","Advanced",1,"IV",2,"B lymphocytes","B lymphocytes","Plasma cells","mBrain","NS_13","mBrain",0.451287287662182,0.22044975479473,0.328262957543088,0.498189260649761,0.111528114239575,0.390282625110664,0.503211410539125,0.115323268834301,0.381465320626574,0.205047765418263,0.0459072735597485,0.749044961021988,0.199204396748582,0.0501127011634714,0.750682902087946
"CTGATAGTCGAACGGA_NS_19","P3019","train","IV","IV","Advanced",1,"IV",2,"Myeloid cells","Myeloid cells","CD1c+ DCs","mBrain","NS_19","mBrain",0.0563493427100452,0.0267528075787786,0.916897849711176,0.000517414200250326,2.87584215103592e-05,0.999453827378239,0.000565753473449928,2.70962099137129e-05,0.999407150316636,0.00011193424073632,6.37838095657106e-06,0.999881687378307,0.000121318721809823,6.23977679721532e-06,0.999872441501393
"GACGCGTCAGATAATG_NS_03","P3003","train","IV","IV","Advanced",1,"IV",2,"Epithelial cells","Epithelial cells","Malignant cells","mBrain","NS_03","mBrain",0.072220069283105,0.0408822924783657,0.886897638238529,0.000547996476090978,3.74369809104078e-05,0.999414566542999,0.000242452673052951,1.78069016084992e-05,0.999739740425339,0.00011881535150138,8.14344976638463e-06,0.999873041198732,7.26780920982625e-05,5.78829259626905e-06,0.999921533615306
"TACTTACGTCTAAAGA_NS_17","P3017","train","IV","IV","Advanced",1,"IV",2,"Epithelial cells","Epithelial cells","Malignant cells","mBrain","NS_17","mBrain",0.168569257695076,0.0469569641588924,0.784473778146031,0.10255047556251,0.00261704290770827,0.894832481529782,0.112620186398673,0.00310763958208931,0.884272174019238,0.0239058581624423,0.000612276304673099,0.975481865532885,0.0271201138282861,0.000790964103620176,0.972088922068094
"ACGGAGAGTTACAGAA_NS_03","P3003","train","IV","IV","Advanced",1,"IV",2,"Epithelial cells","Epithelial cells","Malignant cells","mBrain","NS_03","mBrain",0.0999073312681527,0.0378422158608165,0.862250452871031,0.000965301592469968,3.56232489249139e-05,0.998999075158605,0.000441450089854549,1.75878287143557e-05,0.999540962081431,0.000209298653948204,7.75064081263077e-06,0.999782950705239,0.000133307454281446,5.65967690811666e-06,0.99986103286881
"GGCGTGTCACACCGAC_NS_19","P3019","train","IV","IV","Advanced",1,"IV",2,"Myeloid cells","Myeloid cells","mo-Mac","mBrain","NS_19","mBrain",0.279317495026828,0.164200960615946,0.556481544357226,0.1011520267748,0.0104771174639027,0.888370855761298,0.114743846155306,0.0104753763320992,0.874780777512595,0.023994499846726,0.00254870352466319,0.973456796628611,0.0268395939980782,0.00279180882382314,0.970368597178099
"TCGCGAGGTGTCTGAT_NS_17","P3017","train","IV","IV","Advanced",1,"IV",2,"T lymphocytes",NA,NA,"mBrain","NS_17","mBrain",0.456769529382786,0.0990463455020822,0.444184125115132,0.596077012836464,0.00999253233470069,0.393930454828835,0.599171940498926,0.0106478388821946,0.39018022061888,0.243899533454841,0.00409918908094762,0.752001277464212,0.249202570695969,0.0044095819967316,0.746387847307299
"CCATGTCCAGTCAGAG_NS_03","P3003","train","IV","IV","Advanced",1,"IV",2,"Myeloid cells","Myeloid cells","Monocytes","mBrain","NS_03","mBrain",0.159003838748398,0.0862357718818961,0.754760389369706,0.0220391443260844,0.000997628493171271,0.976963227180744,0.0237560577530663,0.00100408223853095,0.975239860008403,0.00485786230307863,0.000226181236579055,0.994915956460342,0.00514949571478384,0.000250746277250876,0.994599758007965
"AGTCTTTTCAGATAAG_NS_04","P3004","train","IV","IV","Advanced",1,"IV",2,"Epithelial cells","Epithelial cells","Malignant cells","mBrain","NS_04","mBrain",0.123467366697466,0.0304834960895752,0.846049137212959,0.0356434628615885,0.000653957236747277,0.963702579901664,0.0306944001109055,0.00060208394556918,0.968703515943525,0.00787872303233285,0.000145094884816262,0.991976182082851,0.00748783208469389,0.000156288921692744,0.992355878993613
"ATTGGTGAGCGGCTTC_NS_17","P3017","train","IV","IV","Advanced",1,"IV",2,"Epithelial cells","Epithelial cells","Malignant cells","mBrain","NS_17","mBrain",0.20909695599933,0.0577671442923778,0.733135899708292,0.157045243850701,0.00315683017185712,0.839797925977442,0.169892814662286,0.00368923873312653,0.826417946604588,0.0384343560730332,0.000775523899847079,0.96079012002712,0.0428431821859583,0.000982709258221991,0.95617410855582
"CGTTCTGAGAGCTGCA_NS_02","P3002","train","IV","IV","Advanced",1,"IV",2,"Myeloid cells","Myeloid cells","mo-Mac","mBrain","NS_02","mBrain",0.0561175809141513,0.0528076330691943,0.891074786016654,0.000556597301097639,0.00018050273448549,0.999262899964417,0.000594512035701067,0.000162417479881314,0.999243070484418,0.000120315250192447,3.96147082862458e-05,0.999840070041521,0.000130618559210079,3.70558506469883e-05,0.999832325590143
"TCTCTAAAGGGATACC_NS_02","P3002","train","IV","IV","Advanced",1,"IV",2,"Myeloid cells","Myeloid cells","mo-Mac","mBrain","NS_02","mBrain",0.0632741162075317,0.0719170283213351,0.864808855471133,5.79718594067258e-06,3.76751087242406e-06,0.999990435303187,7.27138038505141e-06,3.54098404722218e-06,0.999989187635568,1.28421731176173e-06,8.4907272886929e-07,0.999997866709959,1.56605828512242e-06,8.09992608916888e-07,0.999997623949106
"CTGCTGTAGTCGCCGT_NS_03","P3003","train","IV","IV","Advanced",1,"IV",2,"Epithelial cells","Epithelial cells","Malignant cells","mBrain","NS_03","mBrain",0.103637939599617,0.0319463849477791,0.864415675452604,0.000649544266138673,1.81011889604543e-05,0.999332354544901,0.000274989173711548,8.28905244423944e-06,0.999716721773844,0.000140957313732664,3.94209153884528e-06,0.999855100594728,8.71497653636508e-05,2.77719062275471e-06,0.999910073044014
"ACGCCAGTCGCTTGTC_NS_16","P3016","train","IIIA","III","Advanced",1,"II_III",1,"Myeloid cells","Myeloid cells","mo-Mac","mBrain","NS_16","mBrain",0.0473221833493649,0.0782604728084209,0.874417343842214,5.32263474394293e-06,1.39588892580015e-05,0.999980718475998,6.69120516177313e-06,1.34401016266507e-05,0.999979868693212,5.47749965171217e-06,6.81202332025055e-05,0.999926402267146,6.67865183449034e-06,6.72143424239774e-05,0.999926107005741
"CCATTCGGTGTTGAGG_NS_13","P3013","train","IV","IV","Advanced",1,"IV",2,"MAST cells","MAST cells","MAST","mBrain","NS_13","mBrain",0.480930022608747,0.145507201553552,0.373562775837701,0.578129578617469,0.00498858542150833,0.416881835961022,0.608084043907679,0.00492653146510248,0.386989424627218,0.228704933554896,0.00197949746194999,0.769315568983154,0.247894686639991,0.00208057362675873,0.750024739733251
"CAACTAGAGGGTGTGT_NS_02","P3002","train","IV","IV","Advanced",1,"IV",2,"Myeloid cells","Myeloid cells","mo-Mac","mBrain","NS_02","mBrain",0.0168220754417204,0.0249891267866376,0.958188797771642,8.54664303679843e-08,1.33139957426502e-07,0.999999781393612,1.06941488019012e-07,1.21957165844929e-07,0.999999771101346,1.89721597850771e-08,2.98210254944387e-08,0.999999951206815,2.30808291663168e-08,2.65980807603164e-08,0.99999995032109
"GGGATGACACATCTTT_NS_19","P3019","train","IV","IV","Advanced",1,"IV",2,"Myeloid cells","Myeloid cells","mo-Mac","mBrain","NS_19","mBrain",0.000507521157243741,0.000674686451240355,0.998817792391516,2.48762940144273e-10,5.27227205063835e-11,0.999999999698514,2.67001035704455e-10,3.79090096145235e-11,0.99999999969509,5.42262673233302e-11,1.18381154395884e-11,0.999999999933936,5.97427236056984e-11,8.2036982781438e-12,0.999999999932054
"TGACAACAGTGGGTTG_NS_03","P3003","train","IV","IV","Advanced",1,"IV",2,"Epithelial cells","Epithelial cells","Malignant cells","mBrain","NS_03","mBrain",0.113446436235221,0.0356438775566254,0.850909686208153,0.00112397806068726,3.13224830462309e-05,0.998844699456267,0.000514110006528358,1.54969184739322e-05,0.999470393074998,0.000243748620567943,6.816811056491e-06,0.999749434568376,0.00015691124203998,5.0002708346933e-06,0.999838088487125
