"Cell","Patient","split","Stage","Stage_broad","Stage_group","z_obs","Stage_cat","y_cat","Cell_type","Cell_type.refined","Cell_subtype","Tissue","Sample","Sample_Origin","naive_prob_I","naive_prob_II_III","naive_prob_IV","cat_em_prob_I","cat_em_prob_II_III","cat_em_prob_IV","cat_mcem_prob_I","cat_mcem_prob_II_III","cat_mcem_prob_IV","cat_em_soft_label_I","cat_em_soft_label_II_III","cat_em_soft_label_IV","cat_mcem_soft_label_I","cat_mcem_soft_label_II_III","cat_mcem_soft_label_IV"
"CTAATGGGTGAAATCA_NS_03","P3003","train","IV","IV","Advanced",1,"IV",2,"Epithelial cells","Epithelial cells","Malignant cells","mBrain","NS_03","mBrain",0.0150920697760362,0.00186194807978732,0.983045982144176,1.72740696320023e-05,3.59024886262882e-07,0.999982366905482,1.54471538965442e-05,1.28244009367885e-07,0.999984424602094,3.75026649908268e-06,6.74932756198913e-08,0.999996182240225,4.0631799097063e-06,3.15327104412286e-08,0.99999590528738
"CTAATGGGTATAAACG_NS_13","P3013","train","IV","IV","Advanced",1,"IV",2,"MAST cells","MAST cells","MAST","mBrain","NS_13","mBrain",0.73057281412233,0.174483982519312,0.0949432033583581,0.844839273983881,0.146897087876179,0.00826363813993979,0.857682186109642,0.13395069608857,0.0083671178017886,0.820030948917352,0.142520422515224,0.0374486285674245,0.82242776364931,0.137068636826974,0.0405035995237161
"CGTCACTGTCTTGTCC_NS_03","P3003","train","IV","IV","Advanced",1,"IV",2,"Epithelial cells","Epithelial cells","Malignant cells","mBrain","NS_03","mBrain",0.065156429621587,0.00322635490837354,0.93161721547004,0.000377876205592502,2.40896891301757e-06,0.999619714825494,0.000344101918557137,9.39424113050307e-07,0.99965495865733,8.24693328824072e-05,4.54789422680168e-07,0.999917075877695,8.52527959669526e-05,2.40455893661814e-07,0.999914506748139
"CAGTCCTCATCATCCC_NS_02","P3002","train","IV","IV","Advanced",1,"IV",2,"Epithelial cells","Epithelial cells","Malignant cells","mBrain","NS_02","mBrain",0.211097658868542,0.0403217772069157,0.748580563924542,0.0542927869736566,0.00313059936188003,0.942576613664463,0.0543375793102433,0.00244913028187326,0.943213290407883,0.0122932005315465,0.000689777419623584,0.98701702204883,0.0120577798259722,0.000580390983177282,0.98736182919085
"CTCGAGGAGCCACGCT_NS_17","P3017","train","IV","IV","Advanced",1,"IV",2,"Myeloid cells","Myeloid cells","Microglia/Mac","mBrain","NS_17","mBrain",0.0925295774232009,0.00419687058816819,0.903273551988631,0.00050103705190717,1.00458008561608e-06,0.999497958368007,0.000464389419578573,7.48702682238361e-07,0.999534861877739,0.000108377848939453,2.21942605966594e-07,0.999891400208455,0.000119579930955457,2.33566251720883e-07,0.999880186502793
"TGACAACGTTCACCTC_NS_03","P3003","train","IV","IV","Advanced",1,"IV",2,"Epithelial cells","Epithelial cells",NA,"mBrain","NS_03","mBrain",0.118659918200252,0.00435744048331323,0.876982641316434,0.00269018507753191,3.8329104036622e-06,0.997305982012064,0.00251090922178417,1.45985946953316e-06,0.997487630918746,0.00058725473239354,7.14993508405085e-07,0.999412030274098,0.000622373299272393,3.74321662394873e-07,0.999377252379065
"GCGACCAAGAGCTGCA_NS_02","P3002","train","IV","IV","Advanced",1,"IV",2,"Myeloid cells","Myeloid cells","mo-Mac","mBrain","NS_02","mBrain",0.149844193147542,0.08855617022303,0.761599636629428,0.000892645454745108,1.76418024381672e-05,0.999089712742817,0.000744373385578544,1.35027774349996e-05,0.999242123836986,0.000193063894587349,4.04089376534224e-06,0.999802895211647,0.000205058833478436,4.13683494459316e-06,0.999790804331577
"AGGCCGTGTTGGTTTG_NS_16","P3016","train","IIIA","III","Advanced",1,"II_III",1,"Oligodendrocytes",NA,NA,"mBrain","NS_16","mBrain",0.0224310766535605,0.576127262250402,0.401441661096038,0.00115862258826514,0.45117833843432,0.547663038977415,0.00114419194510638,0.46166403270303,0.537191775351864,0.00042099671088317,0.79753315055542,0.202045852733697,0.000284427104712947,0.800059789855647,0.19965578303964
"AAAGTAGAGAATTCCC_NS_17","P3017","train","IV","IV","Advanced",1,"IV",2,"Myeloid cells","Myeloid cells","Microglia/Mac","mBrain","NS_17","mBrain",0.15562821837203,0.00634993885717371,0.838021842770797,0.00835033081914681,8.56640842322705e-06,0.99164110277243,0.00725224106153817,5.81925297091693e-06,0.992741939685491,0.00181301592094225,1.86510090803241e-06,0.99818511897815,0.00179029164442608,1.69926822682705e-06,0.998208009087347
"ATCATGGGTTGTGGAG_NS_03","P3003","train","IV","IV","Advanced",1,"IV",2,"Epithelial cells","Epithelial cells","Malignant cells","mBrain","NS_03","mBrain",0.159830764264688,0.0156731922059802,0.824496043529331,0.00919247387308478,9.65606411871573e-05,0.990710965485728,0.00827124854633996,4.62069097427895e-05,0.991682544543917,0.00200434231233954,1.91599274593644e-05,0.997976497760201,0.00201789583433609,1.16070985068167e-05,0.997970497067157
"AGAGCGAAGGTGTGGT_NS_02","P3002","train","IV","IV","Advanced",1,"IV",2,"Myeloid cells","Myeloid cells","mo-Mac","mBrain","NS_02","mBrain",0.0534499452904325,0.0438337343198264,0.902716320389741,2.78054668233301e-05,2.75217638995063e-06,0.999969442356787,2.48176468827013e-05,2.20021705743173e-06,0.99997298213606,6.03160551001968e-06,6.23080964694564e-07,0.999993345313525,6.48831386028144e-06,6.2170597015899e-07,0.99999288998017
"GCATGATGTGAGGGTT_NS_13","P3013","train","IV","IV","Advanced",1,"IV",2,"T lymphocytes","T/NK cells","Undetermined","mBrain","NS_13","mBrain",0.328348342117521,0.275982521802492,0.395669136079987,0.225301926685412,0.242256638400292,0.532441434914296,0.20880792641976,0.294034208849072,0.497157864731169,0.0763437016905887,0.0847496116782477,0.838906686631164,0.073971495421467,0.109145892149603,0.81688261242893
"GACTAACGTTTGGGCC_NS_02","P3002","train","IV","IV","Advanced",1,"IV",2,"T lymphocytes","T/NK cells","CD4+ Th","mBrain","NS_02","mBrain",0.301503312888342,0.143123009631122,0.555373677480536,0.0640586094493272,0.00703143574810941,0.928909954802563,0.0584599210817457,0.00650397254199499,0.935036106376259,0.0145072956850496,0.00160731981058153,0.983885384504369,0.0138445862742571,0.00153517603073472,0.984620237695008
"CGTTAGATCGCCATAA_NS_16","P3016","train","IIIA","III","Advanced",1,"II_III",1,"NK cells","T/NK cells","NK","mBrain","NS_16","mBrain",0.430972361660458,0.218795622668869,0.350232015670673,0.579119303704413,0.153319712630853,0.267560983664735,0.586153293924314,0.138117443558412,0.275729262517274,0.372995230850213,0.454573774764407,0.17243099438538,0.375308992894446,0.440430563390804,0.184260443714751
"GTAACTGGTTCTCATT_NS_16","P3016","train","IIIA","III","Advanced",1,"II_III",1,"B lymphocytes","B lymphocytes","MALT B cells","mBrain","NS_16","mBrain",0.314455009956397,0.440732948996063,0.24481204104754,0.229920999082715,0.590460880281937,0.179618120635348,0.232386303642245,0.595234741185005,0.17237895517275,0.0730873371555311,0.869817559675936,0.0570951031685327,0.0723488487467342,0.872446499513251,0.055204651740015
"GACTACACACCGCTAG_NS_03","P3003","train","IV","IV","Advanced",1,"IV",2,"Epithelial cells","Epithelial cells","Malignant cells","mBrain","NS_03","mBrain",0.0389349866970692,0.00290873707113412,0.958156276231797,3.36662895625971e-05,1.38967209007052e-06,0.999964944038347,2.36443081517699e-05,4.0206050173614e-07,0.999975953631347,7.32448358203326e-06,2.56804580029503e-07,0.999992418711838,5.64765762390441e-06,9.76751849920049e-08,0.999994254667191
"GTCGGGTCAAAGGAAG_NS_19","P3019","train","IV","IV","Advanced",1,"IV",2,"Myeloid cells","Myeloid cells","mo-Mac","mBrain","NS_19","mBrain",0.0246077839283343,0.0170595962858414,0.958332619785824,1.15553090726519e-05,3.47055409120198e-07,0.999988097635518,9.99703940765718e-06,2.53301788528947e-07,0.999989749658804,2.50812908692682e-06,7.79298768870329e-08,0.999997413941036,2.77791615023903e-06,7.8776050418088e-08,0.999997143307799
"GGCCGATTCACGATGT_NS_19","P3019","train","IV","IV","Advanced",1,"IV",2,"Myeloid cells","Myeloid cells","mo-Mac","mBrain","NS_19","mBrain",0.0454178405110765,0.0338520048193475,0.920730154669576,3.72174418581524e-05,9.20498916731122e-06,0.999953577568975,2.58632896886242e-05,5.77298239108802e-06,0.99996836372792,8.05032390957648e-06,2.00692541357114e-06,0.999989942750677,6.4319395391807e-06,1.60538110669655e-06,0.999991962679354
"GATCAGTAGCATCATC_NS_02","P3002","train","IV","IV","Advanced",1,"IV",2,"Myeloid cells","Myeloid cells","mo-Mac","mBrain","NS_02","mBrain",0.0577217347125914,0.0583705830142752,0.883907682273133,8.79776697599912e-05,6.23511618105901e-06,0.999905787214059,7.83573947717578e-05,4.48873285929227e-06,0.999917153872369,1.90478794860578e-05,1.39021298416368e-06,0.99997956190753,2.01829819299891e-05,1.24927636810652e-06,0.999978567741702
"GCGCGATTCTAACTTC_NS_04","P3004","train","IV","IV","Advanced",1,"IV",2,"Epithelial cells","Epithelial cells","Malignant cells","mBrain","NS_04","mBrain",0.0487330396972525,0.00568078341816668,0.945586176884581,0.000740821675323049,9.4509852776428e-05,0.999164668471901,0.000727941214453583,6.73717238792442e-05,0.999204687061667,0.000160980898028651,1.96359157799826e-05,0.999819383186191,0.000154709284939493,1.55610527784977e-05,0.999829729662282
"GGGAGATTCTTCGGTC_NS_19","P3019","train","IV","IV","Advanced",1,"IV",2,"Myeloid cells","Myeloid cells","mo-Mac","mBrain","NS_19","mBrain",0.331733579537459,0.278142500802662,0.39012391965988,0.129445716349637,0.0367255052894072,0.833828778360956,0.142226715488735,0.0325195072785764,0.825253777232688,0.032393576280119,0.00924000816564014,0.958366415554241,0.0332889973289321,0.00777509984814266,0.958935902822925
"TTCTTAGTCAGCCTAA_NS_02","P3002","train","IV","IV","Advanced",1,"IV",2,"T lymphocytes","T/NK cells","Treg","mBrain","NS_02","mBrain",0.223295482642425,0.220705057690024,0.555999459667552,0.0326210705308948,0.0816855386173285,0.885693390851777,0.0309797819446289,0.0794778586403191,0.889542359415052,0.00773517210780443,0.0192050691999972,0.973059758692198,0.00744260172251029,0.0178930320927823,0.974664366184707
"AGTCTTTGTGAAAGAG_NS_04","P3004","train","IV","IV","Advanced",1,"IV",2,"T lymphocytes","T/NK cells","Exhausted CD8+ T","mBrain","NS_04","mBrain",0.366535177486651,0.337448504648049,0.2960163178653,0.317979490133821,0.357511403234547,0.324509106631632,0.318679479476429,0.355530528223125,0.325789992300446,0.145310298153564,0.164153293587665,0.69053640825877,0.146349207871507,0.162959461939697,0.690691330188796
"CTACATTCACTTGGAT_NS_19","P3019","train","IV","IV","Advanced",1,"IV",2,"B lymphocytes","B lymphocytes","Plasma cells","mBrain","NS_19","mBrain",0.267676197984166,0.132160945423459,0.600162856592375,0.104931386941402,0.0317884808058831,0.863280132252715,0.110709700660337,0.0301545471437791,0.859135752195884,0.0252697294790638,0.00752663112234164,0.967203639398595,0.0265557350089133,0.00757326938307921,0.965870995608007
"GGATTACTCGCCCTTA_NS_17","P3017","train","IV","IV","Advanced",1,"IV",2,"Fibroblasts","Fibroblasts","Pericytes","mBrain","NS_17","mBrain",0.141168910636227,0.121376658316248,0.737454431047525,0.0015344489184358,0.0110591858079202,0.987406365273644,0.000525812214223002,0.00546415503091515,0.994010032754862,0.000312288283726293,0.00223057929368335,0.99745713242259,7.91897920018645e-05,0.000918249650477835,0.99900256055752
"ATCATCTAGGGATCTG_NS_17","P3017","train","IV","IV","Advanced",1,"IV",2,"Epithelial cells","Epithelial cells","Malignant cells","mBrain","NS_17","mBrain",0.0345453221214445,2.46876338301937e-05,0.965429990244725,0.000161354762489538,5.11276394767592e-08,0.999838594109871,0.000195003688843198,3.38872253331403e-08,0.999804962423931,3.56917925389428e-05,1.00177888311977e-08,0.999964298189672,3.96864685436843e-05,8.83150327783287e-09,0.999960304699953
"CTGCCTACACGGTAAG_NS_19","P3019","train","IV","IV","Advanced",1,"IV",2,"Epithelial cells","Epithelial cells","Malignant cells","mBrain","NS_19","mBrain",0.00682285380453828,0.00163143533439696,0.991545710861065,5.77924937250497e-07,7.39715497254464e-07,0.999998682359565,4.81880030418565e-07,4.33423616369767e-07,0.999999084696353,1.25823991531577e-07,1.5088933117822e-07,0.999999723286677,1.02604831346299e-07,1.04990534646059e-07,0.999999792404634
"TTGGCAATCGAATGCT_NS_19","P3019","train","IV","IV","Advanced",1,"IV",2,"Epithelial cells","Epithelial cells","Malignant cells","mBrain","NS_19","mBrain",0.0200591475615541,0.0028857140698812,0.977055138368565,7.25518272547317e-06,5.9289413591157e-06,0.999986815875915,5.82932339331048e-06,3.67371874039658e-06,0.999990496957866,1.58316452559919e-06,1.23507524387762e-06,0.999997181760231,1.26149373648014e-06,9.11434816639973e-07,0.999997827071447
"CAGAATCCACATGACT_NS_04","P3004","train","IV","IV","Advanced",1,"IV",2,"Myeloid cells","Myeloid cells","mo-Mac","mBrain","NS_04","mBrain",0.200296456502417,0.100283252676515,0.699420290821068,0.00233848785614258,1.77093621444476e-05,0.997643802781713,0.00208979788173252,1.42579756036209e-05,0.997895944142664,0.000504810937826006,4.10583502741978e-06,0.999491083227147,0.000580850085552348,4.47802870561668e-06,0.999414671885742
"TGAGGGATCAGCACAT_NS_02","P3002","train","IV","IV","Advanced",1,"IV",2,"Oligodendrocytes",NA,NA,"mBrain","NS_02","mBrain",0.0146587047744494,0.501706737146716,0.483634558078835,0.000221943760034138,0.313611730625457,0.686166325614509,0.000210220092113907,0.273391896340233,0.726397883567653,6.19633216361914e-05,0.0890759631303212,0.910862073548043,3.76677644223706e-05,0.0741716269719051,0.925790705263673
"TCCACACTCAGCCTAA_NS_19","P3019","train","IV","IV","Advanced",1,"IV",2,"Fibroblasts","Endothelial cells","Tumor ECs","mBrain","NS_19","mBrain",0.34060593318091,0.038832426511499,0.620561640307591,0.261989585721466,0.00231036552582591,0.735700048752708,0.203170223889511,0.0019927804382371,0.794836995672252,0.0681240264193329,0.000609041742108063,0.931266931838559,0.0530967739036003,0.000398365400807165,0.946504860695593
"CACATTTTCGGCGGTT_NS_13","P3013","train","IV","IV","Advanced",1,"IV",2,"Epithelial cells","Epithelial cells","Malignant cells","mBrain","NS_13","mBrain",0.180292953813293,0.0190025533288162,0.800704492857891,0.0133377609679291,0.0012568127492432,0.985405426282828,0.0138308841569849,0.00279193611789764,0.983377179725118,0.00290777829419824,0.000309890783136405,0.996782330922665,0.00289066719000405,0.000759762127596162,0.9963495706824
"CACCTTGAGCTAACAA_NS_02","P3002","train","IV","IV","Advanced",1,"IV",2,"NK cells","T/NK cells","NK","mBrain","NS_02","mBrain",0.393717833903502,0.121475158585012,0.484807007511485,0.399667828833267,0.00898194471452943,0.591350226452204,0.395528661635442,0.00769172320897854,0.596779615155579,0.125728494013155,0.00280526677574331,0.871466239211101,0.127677295603349,0.00260184734728998,0.869720857049361
"TCCCGATCAGTTAACC_NS_17","P3017","train","IV","IV","Advanced",1,"IV",2,"Epithelial cells","Epithelial cells","Malignant cells","mBrain","NS_17","mBrain",0.0291543556152551,6.52673593777245e-05,0.970780377025367,9.8412374930596e-05,1.15505594443838e-07,0.999901472119475,0.000108084686971961,7.88105863447309e-08,0.999891836502442,2.15996091541783e-05,2.3149672099903e-08,0.999978377241174,2.2547706134258e-05,2.07666449884607e-08,0.999977431527221
"TGTTCCGCAGCGTAAG_NS_02","P3002","train","IV","IV","Advanced",1,"IV",2,"B lymphocytes","B lymphocytes","Follicular B cells","mBrain","NS_02","mBrain",0.653011795387965,0.086490223745568,0.260497980866467,0.897181208794557,0.0104333233710499,0.0923854678343932,0.895365584946014,0.0101347504588676,0.0944996645951181,0.669597364323547,0.00776695646303881,0.322635679213414,0.658198515962528,0.0076523448899696,0.334149139147503
"ATGCGATAGTAGCGGT_NS_03","P3003","train","IV","IV","Advanced",1,"IV",2,"Epithelial cells","Epithelial cells","Malignant cells","mBrain","NS_03","mBrain",0.112153293613985,0.0047604055031986,0.883086300882816,0.00287957635012215,3.77859889630347e-06,0.997116645050982,0.00248256663563586,1.16558173078066e-06,0.997516267782633,0.000623852534747989,6.90339106852396e-07,0.999375457126145,0.000648218203326783,2.8924605113529e-07,0.999351492550622
"CGTGAGCGTTGTACAC_NS_13","P3013","train","IV","IV","Advanced",1,"IV",2,"Epithelial cells","Epithelial cells","Malignant cells","mBrain","NS_13","mBrain",0.654527971079055,0.196728866340192,0.148743162580753,0.973029714731775,0.00953394186202577,0.017436343406199,0.958677702930521,0.0215960594904052,0.0197262375790733,0.911664360188883,0.0104173005423584,0.0779183392687584,0.883406335660445,0.0256882714468022,0.0909053928927527
"ACTGAACAGGGTGTTG_NS_19","P3019","train","IV","IV","Advanced",1,"IV",2,"Myeloid cells","Myeloid cells","mo-Mac","mBrain","NS_19","mBrain",0.161572995360024,0.0772005094908436,0.761226495149132,0.00389911699637189,4.73534960407741e-05,0.996053529507587,0.00357925998185404,3.71043667343021e-05,0.996383635651412,0.000843856846797456,1.07065720904995e-05,0.999145436581112,0.000945717830428634,1.09481226062282e-05,0.999043334046965
"GGCTCGACATGTAGTC_NS_03","P3003","train","IV","IV","Advanced",1,"IV",2,"Epithelial cells","Epithelial cells","Malignant cells","mBrain","NS_03","mBrain",0.121844499112226,0.00968792191677106,0.868467578971003,0.00460222744978834,3.22707345288562e-05,0.995365501815683,0.0041637700712121,1.37731885664514e-05,0.995822456740221,0.000999723625365344,6.23594565734861e-06,0.998994040428977,0.0010319911886913,3.4567058954976e-06,0.998964552105413
"CACATTTTCCTAGTGA_NS_19","P3019","train","IV","IV","Advanced",1,"IV",2,"Myeloid cells","Myeloid cells","mo-Mac","mBrain","NS_19","mBrain",0.388613980270615,0.284032233444246,0.32735378628514,0.270537403080224,0.0453511323799805,0.684111464539796,0.277420458855504,0.0374857570841265,0.685093784060369,0.0781581978936315,0.0131890723642374,0.908652729742131,0.0768679297073087,0.0107079306386961,0.912424139653995
"GAACCTATCCTTCAAT_NS_04","P3004","train","IV","IV","Advanced",1,"IV",2,"Myeloid cells","Myeloid cells","mo-Mac","mBrain","NS_04","mBrain",0.154891851738931,0.0764063602209345,0.768701788040135,0.00117637032869449,9.85417092182864e-06,0.998813775500384,0.000983995162407141,7.58285033132928e-06,0.999008421987262,0.000253966988771052,2.24894822628763e-06,0.999743784063003,0.00027649507343016,2.33509190098969e-06,0.999721169834669
"TCACAAGTCTTCGAGA_NS_03","P3003","train","IV","IV","Advanced",1,"IV",2,"Epithelial cells","Epithelial cells","Malignant cells","mBrain","NS_03","mBrain",0.0309621697115884,0.00318133638100858,0.965856493907403,2.80850332048163e-05,2.14807260070622e-06,0.999969766894194,2.23817765096993e-05,6.79027466702582e-07,0.999976939196024,6.13884147246708e-06,3.97427580938377e-07,0.999993463730947,5.43608827032481e-06,1.67742101879961e-07,0.999994396169628
"CCTAGCTTCCTCCTAG_NS_17","P3017","train","IV","IV","Advanced",1,"IV",2,"Epithelial cells","Epithelial cells","Malignant cells","mBrain","NS_17","mBrain",0.00696031058575074,1.12453752844992e-06,0.993038564876721,1.72394411083723e-06,5.85582065704624e-11,0.999998275997331,2.00814002404133e-06,3.90362492664861e-11,0.99999799182094,3.80735776585008e-07,1.15324518109864e-11,0.999999619252691,4.2618469534982e-07,1.13493662273206e-11,0.999999573803955
"CGGAGTCGTAGGGACT_NS_17","P3017","train","IV","IV","Advanced",1,"IV",2,"Epithelial cells","Epithelial cells","Malignant cells","mBrain","NS_17","mBrain",0.019350875451122,1.35677439225897e-05,0.980635556804955,3.42965604808014e-05,4.56933641679153e-09,0.999965698870183,3.91986388648828e-05,3.14589719344377e-09,0.999960798215238,7.54572146012766e-06,9.14020792603002e-10,0.999992453364519,8.26272491769565e-06,8.67924581484967e-10,0.999991736407158
"AGAATAGCAATCGAAA_NS_17","P3017","train","IV","IV","Advanced",1,"IV",2,"Myeloid cells","Myeloid cells","Microglia/Mac","mBrain","NS_17","mBrain",0.285983332390349,0.00848390307693508,0.705532764532716,0.0418998653844432,3.36916298564159e-05,0.9580664429857,0.0355353337433896,2.34946409905073e-05,0.96444117161562,0.00935218341770011,7.55366353006043e-06,0.99064026291877,0.00896987346650142,7.41783974556247e-06,0.991022708693753
"ACGTCAAGTTCCATGA_NS_03","P3003","train","IV","IV","Advanced",1,"IV",2,"Epithelial cells","Epithelial cells","Malignant cells","mBrain","NS_03","mBrain",0.0241932873045911,0.00206042233217031,0.973746290363239,3.93074698029213e-05,7.09904960002214e-07,0.999959982625237,3.34463988933412e-05,2.33673179940924e-07,0.999966319927927,8.54613892628448e-06,1.32144913307998e-07,0.99999132171616,8.42587967860709e-06,5.75727950459621e-08,0.999991516547526
"CAGATCAGTAATCACC_NS_19","P3019","train","IV","IV","Advanced",1,"IV",2,"Myeloid cells","Myeloid cells","mo-Mac","mBrain","NS_19","mBrain",0.395495956408207,0.124136266167428,0.480367777424365,0.119825562389873,0.00205157506720281,0.878122862542924,0.109013656613406,0.00163855959789783,0.889347783788696,0.028737868699992,0.000502599109887816,0.97075953219012,0.0282678769692315,0.000457851460797874,0.971274271569971
"CAGCAGCTCTCTAGGA_NS_06","P3006","train","IV","IV","Advanced",1,"IV",2,"Oligodendrocytes",NA,NA,"mBrain","NS_06","mBrain",0.0200551898088011,0.21883370728648,0.761111102904719,0.000251975376476326,0.0757557632903171,0.923992261333207,0.000255680197831764,0.0633179073464984,0.93642641245567,5.71747165110356e-05,0.0170213492946956,0.982921475988793,4.11921233920738e-05,0.0143060200902196,0.985652787786388
"TCGAGGCAGTGCTGCC_NS_13","P3013","train","IV","IV","Advanced",1,"IV",2,"B lymphocytes","B lymphocytes","Follicular B cells","mBrain","NS_13","mBrain",0.571144929659955,0.133205166217983,0.295649904122062,0.793749270339723,0.0275840646432856,0.178666665016992,0.792548257321563,0.0333379007223623,0.174113841956075,0.479371360053311,0.0172125660455081,0.50341607390118,0.47967758607021,0.0213379277635769,0.498984486166213
"GCTCCTAAGCGAAGGG_NS_06","P3006","train","IV","IV","Advanced",1,"IV",2,"Myeloid cells","Myeloid cells","CD163+CD14+ DCs","mBrain","NS_06","mBrain",0.131536769702437,0.174418153918412,0.694045076379151,0.000522188295446676,0.000193744839618977,0.999284066864934,0.000581759966837688,0.000191387516142608,0.99922685251702,0.000114318884075928,4.44594410198346e-05,0.999841221674904,0.000140464193449557,4.61945662141612e-05,0.999813341240336
"ACTGCTCTCAATCTCT_NS_06","P3006","train","IV","IV","Advanced",1,"IV",2,"Myeloid cells","Myeloid cells","Undetermined","mBrain","NS_06","mBrain",0.139962393390809,0.0795399939913487,0.780497612617843,0.00525605906571986,0.000187194664495761,0.994556746269784,0.00460950046494877,0.000145915441370162,0.995244584093681,0.00114662412417663,4.18809669323647e-05,0.998811494908891,0.00116548556116018,4.07923727365012e-05,0.998793722066103
"GTAACTGTCAATACCG_NS_19","P3019","train","IV","IV","Advanced",1,"IV",2,"Fibroblasts","Fibroblasts","FB-like cells","mBrain","NS_19","mBrain",0.132226413800144,0.237728966495596,0.630044619704259,0.018994219912381,0.027752189514305,0.953253590573314,0.0195345839101502,0.0247841912267919,0.955681224863058,0.00424880094546573,0.00604692685127866,0.989704272203256,0.00443164175708607,0.00548893416856686,0.990079424074347
"ATGGGAGCACATCCAA_NS_19","P3019","train","IV","IV","Advanced",1,"IV",2,"T lymphocytes","T/NK cells","CD8 low T","mBrain","NS_19","mBrain",0.0849094926909683,0.032657049638998,0.882433457670034,0.00123180542250684,0.000202943961531772,0.998565250615961,0.001173828796724,0.000175648600625534,0.998650522602651,0.000266537216894644,4.32950958432325e-05,0.999690167687262,0.000264616091027855,4.07028748984589e-05,0.999694681034074
"CGCCAAGTCTTCATGT_NS_13","P3013","train","IV","IV","Advanced",1,"IV",2,"MAST cells","MAST cells","MAST","mBrain","NS_13","mBrain",0.39169455647739,0.158843676887338,0.449461766635272,0.301542558710083,0.0950359489594116,0.603421492330506,0.307733248711476,0.0869885366275577,0.605278214660966,0.0940873199416357,0.0298413651700798,0.876071314888284,0.0954438336039512,0.029093864229259,0.87546230216679
"TAGAGCTAGCTGATAA_NS_16","P3016","train","IIIA","III","Advanced",1,"II_III",1,"B lymphocytes","B lymphocytes","MALT B cells","mBrain","NS_16","mBrain",0.228387631315665,0.307042768895373,0.464569599788962,0.039824260824275,0.271198607577355,0.68897713159837,0.0370986609212029,0.255167129745025,0.707734209333772,0.0202118508117406,0.631198171850345,0.348589977337915,0.0188687507670752,0.609289197852584,0.371842051380341
"GTACTCCTCTTTACGT_NS_16","P3016","train","IIIA","III","Advanced",1,"II_III",1,"T lymphocytes","T/NK cells","CD8+/CD4+ Mixed Th","mBrain","NS_16","mBrain",0.34152859769003,0.263546385583446,0.394925016726524,0.219157655579885,0.27882239818278,0.502019946237335,0.212999514544635,0.275183197165203,0.511817288290162,0.108911420986864,0.642194749070464,0.248893829942672,0.108726173449415,0.628354372707053,0.262919453843532
"TACCTTATCTACCTGC_NS_13","P3013","train","IV","IV","Advanced",1,"IV",2,"MAST cells","MAST cells","MAST","mBrain","NS_13","mBrain",0.381605920766654,0.124516186573641,0.493877892659705,0.383217279307496,0.0430288835063761,0.573753837186128,0.3674384824578,0.0369151196800217,0.595646397862178,0.123201127973687,0.0139318131060024,0.862867058920311,0.119339865453453,0.0124937982639175,0.868166336282629
"TCTTTCCTCCCTAACC_NS_17","P3017","train","IV","IV","Advanced",1,"IV",2,"Myeloid cells","Myeloid cells","Microglia/Mac","mBrain","NS_17","mBrain",0.272444032747913,0.0156102667271882,0.711945700524899,0.00852836638683079,9.26513792962587e-06,0.99146236847524,0.0078577733867558,7.55191211837479e-06,0.992134674701126,0.00185292943414873,2.1008001937808e-06,0.998144969765658,0.00208205397017,2.41176953599715e-06,0.997915534260294
"ACACTGAAGAATCTCC_NS_17","P3017","train","IV","IV","Advanced",1,"IV",2,"Epithelial cells","Epithelial cells","Malignant cells","mBrain","NS_17","mBrain",0.00338898365233432,3.5111565587276e-07,0.99661066523201,1.05087590008392e-07,1.63042689550986e-11,0.999999894896106,1.12640518183815e-07,9.64530939609418e-12,0.999999887349837,2.3436945453214e-08,3.16923731836181e-12,0.999999976559885,2.27661202147017e-08,2.79714012246641e-12,0.999999977231083
"CCGGTAGAGGCAAAGA_NS_06","P3006","train","IV","IV","Advanced",1,"IV",2,"Myeloid cells","Myeloid cells","Undetermined","mBrain","NS_06","mBrain",0.0949540345946301,0.0536699173841466,0.851376048021223,0.00189634066961578,8.41923032331318e-05,0.998019467027151,0.00183507991511969,7.00150878917685e-05,0.998094904996988,0.000411525008511215,1.85577219262024e-05,0.999569917269563,0.000446732817137388,1.85444696658565e-05,0.999534722713197
"GACGGCTTCCACGCAG_NS_13","P3013","train","IV","IV","Advanced",1,"IV",2,"T lymphocytes",NA,NA,"mBrain","NS_13","mBrain",0.678886223208212,0.20037095554801,0.120742821243777,0.921923108021195,0.0675524770957791,0.0105244148830263,0.914203028377833,0.0754612364671038,0.0103357351550632,0.886215150341475,0.0664724104106661,0.0473124392478589,0.873091950808493,0.0778276495726382,0.0490803996188683
"TTAACTCCAGCTGTGC_NS_19","P3019","train","IV","IV","Advanced",1,"IV",2,"Myeloid cells","Myeloid cells","mo-Mac","mBrain","NS_19","mBrain",0.303097661423184,0.209725334736159,0.487177003840657,0.0865233442779833,0.0126296138958888,0.900847041826128,0.0859926271867303,0.0106848302072692,0.903322542606001,0.0203204856798884,0.00300673656026877,0.976672777759843,0.0199777541882574,0.00254202962952132,0.977480216182221
"CAGCTGGCACATTCGA_NS_04","P3004","train","IV","IV","Advanced",1,"IV",2,"Myeloid cells","Myeloid cells","mo-Mac","mBrain","NS_04","mBrain",0.0357798864028019,0.0312595168085838,0.932960596788614,2.02477274911926e-05,3.28248941811545e-06,0.999976469783091,2.17700189993933e-05,2.76651185601689e-06,0.999975463469145,4.46005943816992e-06,7.27924446898526e-07,0.999994812016115,5.08862107226758e-06,6.54825943014129e-07,0.999994256552985
"TGCGTGGAGACGCAAC_NS_04","P3004","train","IV","IV","Advanced",1,"IV",2,"Epithelial cells","Epithelial cells","Malignant cells","mBrain","NS_04","mBrain",0.0324048218818458,0.000658954309428658,0.966936223808726,7.48509728239027e-05,2.81957337239668e-06,0.999922329453804,7.60926819184682e-05,2.38274750599516e-06,0.999921524570575,1.64546132825611e-05,5.93875502708121e-07,0.999982951511215,1.59558155095962e-05,6.22052945920568e-07,0.999983422131544
"AACTCAGCAGTAAGCG_NS_04","P3004","train","IV","IV","Advanced",1,"IV",2,"Epithelial cells","Epithelial cells","Malignant cells","mBrain","NS_04","mBrain",0.0248634944202087,0.00157895279915085,0.97355755278064,8.85620542326106e-05,2.54978751309827e-06,0.999908888158254,8.63299645414332e-05,2.00408483311367e-06,0.999911665950625,1.9198691307636e-05,5.43258476531902e-07,0.999980258050216,1.94966731985485e-05,5.08009120868081e-07,0.999979995317681
"GCAAACTGTCAGAATA_NS_19","P3019","train","IV","IV","Advanced",1,"IV",2,"Myeloid cells","Myeloid cells","mo-Mac","mBrain","NS_19","mBrain",0.0843527925514607,0.06428056240778,0.851366645040759,0.00020905829607971,3.49007668274915e-06,0.999787451627238,0.000166600123307193,2.51192890160376e-06,0.999830887947791,4.51385711483829e-05,8.0014824762341e-07,0.999954061280604,4.7020785295553e-05,8.13861640095458e-07,0.999952165353064
"GGAACTTCAAGTACCT_NS_17","P3017","train","IV","IV","Advanced",1,"IV",2,"T lymphocytes","T/NK cells","Exhausted CD8+ T","mBrain","NS_17","mBrain",0.120151276604907,0.00271455446789778,0.877134168927195,0.00428598056920386,2.327460827337e-05,0.995690744822523,0.00455556613354359,1.92510797571013e-05,0.995425182786699,0.000934813618169381,4.8185197851864e-06,0.999060367862046,0.000988151991914999,4.709419252221e-06,0.999007138588833
"TTCTCAAGTCGCTTCT_NS_04","P3004","train","IV","IV","Advanced",1,"IV",2,"Epithelial cells","Epithelial cells","Malignant cells","mBrain","NS_04","mBrain",0.0552433216893352,0.00868162934735384,0.936075048963311,0.00167215229117108,0.000200303585479896,0.998127544123349,0.00154442916413478,0.00012765013336363,0.998327920702502,0.000363134675577652,4.13412397450556e-05,0.999595524084677,0.000337485525616835,2.88143896978608e-05,0.999633700084685
"TGCACCTTCAGAAATG_NS_13","P3013","train","IV","IV","Advanced",1,"IV",2,"T lymphocytes","T/NK cells","Undetermined","mBrain","NS_13","mBrain",0.470786641018278,0.0896225441364942,0.439590814845228,0.656680072342941,0.00815323012246699,0.335166697534592,0.659211218895825,0.00826460342460728,0.332524177679568,0.29443961410233,0.00368548414019757,0.701874901757472,0.292081802308893,0.00386627609040891,0.704051921600699
"CCTACCAAGCCGGTAA_NS_03","P3003","train","IV","IV","Advanced",1,"IV",2,"Epithelial cells","Epithelial cells","Malignant cells","mBrain","NS_03","mBrain",0.106361384508025,0.00681025302114604,0.886828362470829,0.00254966455736221,9.23454628736689e-06,0.99744110089635,0.00222047911595367,3.3790000185045e-06,0.997776141884028,0.000552868674688576,1.72622752392716e-06,0.999445405097788,0.000558997517291956,8.36944922682878e-07,0.999440165537785
"CGAGCCACACCAGCAC_NS_03","P3003","train","IV","IV","Advanced",1,"IV",2,"Epithelial cells","Epithelial cells","Malignant cells","mBrain","NS_03","mBrain",0.0294163662955056,0.0021422643155348,0.96844136938896,3.4964309484468e-05,3.11672757052047e-07,0.999964724017758,3.12020146962995e-05,1.05559286934003e-07,0.999968692426017,7.64852538561824e-06,5.83037411407793e-08,0.999992293170873,8.32034535498464e-06,2.89865091745317e-08,0.999991650668136
"CATGCCTCAATGGTCT_NS_13","P3013","train","IV","IV","Advanced",1,"IV",2,"B lymphocytes","B lymphocytes","Follicular B cells","mBrain","NS_13","mBrain",0.464753225780814,0.193795137087111,0.341451637132075,0.760466056452869,0.0624293602362937,0.177104583310837,0.750297983757208,0.0732705755482852,0.176431440694507,0.459594462482396,0.038902769887342,0.501502767630262,0.449226476169617,0.0448038774711965,0.505969646359187
"GGGATGACAAAGCAAT_NS_03","P3003","train","IV","IV","Advanced",1,"IV",2,"Epithelial cells","Epithelial cells","Malignant cells","mBrain","NS_03","mBrain",0.0873054571126871,0.00825972869619709,0.904434814191116,0.0026017381134789,3.61603164650176e-05,0.997362101570056,0.00258495535862465,2.0457631061474e-05,0.997394587010314,0.000565727031598204,7.16649872736699e-06,0.999427106469674,0.000609558420214148,4.82476674137157e-06,0.999385616813044
"ATAAGAGCATGTAAGA_NS_13","P3013","train","IV","IV","Advanced",1,"IV",2,"B lymphocytes","B lymphocytes","Plasma cells","mBrain","NS_13","mBrain",0.394806957983419,0.239814872051196,0.365378169965386,0.5225370964811,0.127225459038045,0.350237444480855,0.523201740090186,0.130447416263742,0.346350843646072,0.228288686091023,0.0558630071545386,0.715848306754438,0.227980597061021,0.0592651400440208,0.712754262894958
"CTGATAGTCGAACGGA_NS_19","P3019","train","IV","IV","Advanced",1,"IV",2,"Myeloid cells","Myeloid cells","CD1c+ DCs","mBrain","NS_19","mBrain",0.00625829694052854,0.00567517480961511,0.988066528249856,2.58943722019482e-07,1.1579561958071e-07,0.999999625260658,2.95969383302217e-07,1.15923018195792e-07,0.999999588107598,5.68902189399339e-08,2.53535731574743e-08,0.999999917756208,7.02001660048764e-08,2.70004588037051e-08,0.999999902799375
"GACGCGTCAGATAATG_NS_03","P3003","train","IV","IV","Advanced",1,"IV",2,"Epithelial cells","Epithelial cells","Malignant cells","mBrain","NS_03","mBrain",0.0448317390851768,0.00295928529440207,0.952208975620421,4.27947072891753e-05,2.59423022048231e-06,0.99995461106249,3.21851350048529e-05,8.15602716702068e-07,0.999966999262278,9.35566675578632e-06,4.81486455880429e-07,0.999990162846788,7.55459131377994e-06,2.0221465993376e-07,0.999992243194026
"TACTTACGTCTAAAGA_NS_17","P3017","train","IV","IV","Advanced",1,"IV",2,"Epithelial cells","Epithelial cells","Malignant cells","mBrain","NS_17","mBrain",0.0319339872338469,7.04768558487373e-05,0.967995535910304,0.000244246969895989,1.21251237168761e-07,0.999755631778867,0.000266874155466662,8.58010555562525e-08,0.999733040043478,5.32353615006846e-05,2.45030876440405e-08,0.999946740135412,5.45500530624395e-05,2.21047912532329e-08,0.999945427842146
"ACGGAGAGTTACAGAA_NS_03","P3003","train","IV","IV","Advanced",1,"IV",2,"Epithelial cells","Epithelial cells","Malignant cells","mBrain","NS_03","mBrain",0.0512712664136924,0.00436374117529332,0.944364992411014,0.000366053469250706,5.61558735705828e-06,0.999628330943392,0.000313802686832093,2.19452735290337e-06,0.999684002785815,7.9204835735605e-05,1.06354311491564e-06,0.999919731621149,7.68797501247082e-05,5.25577998975194e-07,0.999922594671876
"GGCGTGTCACACCGAC_NS_19","P3019","train","IV","IV","Advanced",1,"IV",2,"Myeloid cells","Myeloid cells","mo-Mac","mBrain","NS_19","mBrain",0.284594284694121,0.233998032205737,0.481407683100142,0.0422798125491305,0.0146194569318896,0.94310073051898,0.046488108252175,0.0126210222271377,0.940890869520687,0.00966086240738023,0.00333358700847003,0.98700555058415,0.0100127701669453,0.00271210558977248,0.987275124243282
"TCGCGAGGTGTCTGAT_NS_17","P3017","train","IV","IV","Advanced",1,"IV",2,"T lymphocytes",NA,NA,"mBrain","NS_17","mBrain",0.341761297511581,0.0103056628747418,0.647933039613678,0.166288004989466,0.00046222226584125,0.833249772744693,0.171100130868453,0.000372762491153108,0.828527106640394,0.0413053251129709,0.000110478124540121,0.958584196762489,0.0422215115697658,0.000102852651761482,0.957675635778473
"CCATGTCCAGTCAGAG_NS_03","P3003","train","IV","IV","Advanced",1,"IV",2,"Myeloid cells","Myeloid cells","Monocytes","mBrain","NS_03","mBrain",0.271796154132133,0.117158924957871,0.611044920909996,0.0158422704111019,0.00346733186397065,0.980690397724927,0.0210165869880961,0.0031275933166841,0.97585581969522,0.00352844476662052,0.000746209738628841,0.995725345494751,0.00413716978857689,0.000618652607018911,0.995244177604404
"AGTCTTTTCAGATAAG_NS_04","P3004","train","IV","IV","Advanced",1,"IV",2,"Epithelial cells","Epithelial cells","Malignant cells","mBrain","NS_04","mBrain",0.0393151469694024,0.00404935738273341,0.956635495647864,0.000305935460876751,4.41810358159875e-05,0.999649883503307,0.000290700501838156,3.00460823754853e-05,0.999679253415786,6.65826196197515e-05,9.19537694598783e-06,0.999924222003434,6.27811270675216e-05,7.31074377353066e-06,0.999929908129159
"ATTGGTGAGCGGCTTC_NS_17","P3017","train","IV","IV","Advanced",1,"IV",2,"Epithelial cells","Epithelial cells","Malignant cells","mBrain","NS_17","mBrain",0.0323000468869228,9.08349026475849e-05,0.96760911821043,0.000207123629974092,3.07693081332629e-07,0.999792568676945,0.000231654250847729,2.30670866079863e-07,0.999768115078286,4.52429126977412e-05,6.21922386378813e-08,0.999954694895064,4.7329836420071e-05,5.86674246225442e-08,0.999952611496155
"CGTTCTGAGAGCTGCA_NS_02","P3002","train","IV","IV","Advanced",1,"IV",2,"Myeloid cells","Myeloid cells","mo-Mac","mBrain","NS_02","mBrain",0.139477831032909,0.101691361848027,0.758830807119065,0.00333644768518435,0.000454792425165426,0.99620875988965,0.0033155602811522,0.000361494564570219,0.996322945154278,0.000729629085253342,9.95723212762317e-05,0.99917079859347,0.000731855651758283,8.18816182171361e-05,0.999186262730025
"TCTCTAAAGGGATACC_NS_02","P3002","train","IV","IV","Advanced",1,"IV",2,"Myeloid cells","Myeloid cells","mo-Mac","mBrain","NS_02","mBrain",0.206734795114359,0.113263934899662,0.680001269985979,0.00342102233641601,7.41290760531486e-05,0.996504848587531,0.0028247670202461,5.21153439279941e-05,0.997123117635826,0.000739079557556372,1.66373493158916e-05,0.999244283093128,0.000734150732659705,1.47130468844922e-05,0.999251136220456
"CTGCTGTAGTCGCCGT_NS_03","P3003","train","IV","IV","Advanced",1,"IV",2,"Epithelial cells","Epithelial cells","Malignant cells","mBrain","NS_03","mBrain",0.123953227305006,0.00593135888121747,0.870115413813776,0.00295394232579167,1.03109390391068e-05,0.997035746735169,0.00270831478047417,4.10458058900265e-06,0.997287580638937,0.00064356207077698,1.9425404786658e-06,0.999354495388744,0.000687110063979251,1.04075553464357e-06,0.999311849180486
"ACGCCAGTCGCTTGTC_NS_16","P3016","train","IIIA","III","Advanced",1,"II_III",1,"Myeloid cells","Myeloid cells","mo-Mac","mBrain","NS_16","mBrain",0.0458268128020612,0.0722296193991654,0.881943567798773,3.59894919765581e-05,5.03263272839466e-06,0.999958977875295,3.61375705709832e-05,4.23134596517753e-06,0.999959631083464,3.64424175546796e-05,2.48096470078351e-05,0.999938747935437,4.45749411276924e-05,2.60321782767888e-05,0.999929392880596
"CCATTCGGTGTTGAGG_NS_13","P3013","train","IV","IV","Advanced",1,"IV",2,"MAST cells","MAST cells","MAST","mBrain","NS_13","mBrain",0.33205536746517,0.164480836881991,0.503463795652838,0.268836450409972,0.0641051099081361,0.667058439681892,0.257199583435612,0.055880606603966,0.686919809960422,0.0776525314068711,0.0186924386178129,0.903655029975316,0.0720032599113005,0.0169792450296328,0.911017495059067
"CAACTAGAGGGTGTGT_NS_02","P3002","train","IV","IV","Advanced",1,"IV",2,"Myeloid cells","Myeloid cells","mo-Mac","mBrain","NS_02","mBrain",0.00870270077771489,0.0071254891966785,0.984171810025607,3.77216307582013e-07,2.75034879332557e-09,0.999999620033344,2.99815649888181e-07,2.00116583578119e-09,0.999999698183184,8.10487879081522e-08,6.32152971590274e-10,0.999999918319059,9.4215084829851e-08,7.12951653259706e-10,0.999999905071964
"GGGATGACACATCTTT_NS_19","P3019","train","IV","IV","Advanced",1,"IV",2,"Myeloid cells","Myeloid cells","mo-Mac","mBrain","NS_19","mBrain",0.000307714808042451,0.000400626704624688,0.999291658487333,1.5173013025442e-11,1.73096291291852e-12,0.999999999983096,1.82121371776707e-11,1.37362866279542e-12,0.999999999980414,3.38014582583257e-12,1.42857142858965e-12,0.999999999995191,5.02684083036199e-12,1.4285714285982e-12,0.999999999993544
"TGACAACAGTGGGTTG_NS_03","P3003","train","IV","IV","Advanced",1,"IV",2,"Epithelial cells","Epithelial cells","Malignant cells","mBrain","NS_03","mBrain",0.105865517606229,0.00764444503125713,0.886490037362513,0.00286693301609253,6.87186273186784e-06,0.997126195121176,0.00258578248484341,2.57682142116578e-06,0.997411640693735,0.000619868731154212,1.29174274904597e-06,0.999378839526097,0.000674749560263058,6.53592532154195e-07,0.999324596847205
