"Cell","Patient","split","Stage","Stage_broad","Stage_group","z_obs","Stage_cat","y_cat","Cell_type","Cell_type.refined","Cell_subtype","Tissue","Sample","Sample_Origin","naive_prob_I","naive_prob_II_III","naive_prob_IV","cat_em_prob_I","cat_em_prob_II_III","cat_em_prob_IV","cat_mcem_prob_I","cat_mcem_prob_II_III","cat_mcem_prob_IV","cat_em_soft_label_I","cat_em_soft_label_II_III","cat_em_soft_label_IV","cat_mcem_soft_label_I","cat_mcem_soft_label_II_III","cat_mcem_soft_label_IV"
"CTAATGGGTGAAATCA_NS_03","P3003","train","IV","IV","Advanced",1,"IV",2,"Epithelial cells","Epithelial cells","Malignant cells","mBrain","NS_03","mBrain",0.000862138516292277,0.00660139217176742,0.99253646931194,1.93082991221279e-05,9.82424280616963e-05,0.999882449272816,2.10115303082125e-05,0.000117162725135884,0.999861825744556,4.1542784691003e-06,2.1129621585877e-05,0.999974716099945,5.57815423068642e-06,2.88240955442317e-05,0.999965597750225
"CTAATGGGTATAAACG_NS_13","P3013","train","IV","IV","Advanced",1,"IV",2,"MAST cells","MAST cells","MAST","mBrain","NS_13","mBrain",0.294830573246149,0.129915011559707,0.575254415194144,0.345085544859146,0.0794106495012278,0.575503805639626,0.329419918344161,0.0811846201888888,0.58939546146695,0.111091140208977,0.0254812530738645,0.863427606717159,0.101753343619577,0.024316981649433,0.87392967473099
"CGTCACTGTCTTGTCC_NS_03","P3003","train","IV","IV","Advanced",1,"IV",2,"Epithelial cells","Epithelial cells","Malignant cells","mBrain","NS_03","mBrain",0.00451026013604615,0.0102535988083864,0.985236141055567,0.000890481679807758,0.000287677236177524,0.998821841084015,0.000973809889823727,0.000331313601924292,0.998694876508252,0.000191266670416142,6.19134166330153e-05,0.999746819912951,0.000264692198580908,7.39457792670665e-05,0.999661362022152
"CAGTCCTCATCATCCC_NS_02","P3002","train","IV","IV","Advanced",1,"IV",2,"Epithelial cells","Epithelial cells","Malignant cells","mBrain","NS_02","mBrain",0.0020639884602428,0.000640998154786546,0.997295013384971,3.58615435439267e-05,7.75410315928117e-06,0.999956384353297,3.39479900805154e-05,6.98974425180374e-06,0.999959062265668,7.76427356558259e-06,1.66620078654158e-06,0.999990569525648,7.02762990091583e-06,1.34995385044157e-06,0.999991622416249
"CTCGAGGAGCCACGCT_NS_17","P3017","train","IV","IV","Advanced",1,"IV",2,"Myeloid cells","Myeloid cells","Microglia/Mac","mBrain","NS_17","mBrain",0.0204601494618505,0.00177321774102096,0.977766632797128,0.000736025674188878,0.000169017819904941,0.999094956505906,0.000629760601027214,0.000163075269253074,0.99920716412972,0.000159907072142022,3.65975971530442e-05,0.999803495330705,0.000149163693101072,3.32918606807053e-05,0.999817544446218
"TGACAACGTTCACCTC_NS_03","P3003","train","IV","IV","Advanced",1,"IV",2,"Epithelial cells","Epithelial cells",NA,"mBrain","NS_03","mBrain",0.00544318931605538,0.0195975583490986,0.974959252334846,0.00295856292746235,0.002042825157903,0.994998611914635,0.00329416716869584,0.00251747081562099,0.994188362015683,0.000632846550886946,0.000439306605276681,0.998927846843836,0.000891848223340824,0.000536317426826734,0.998571834349833
"GCGACCAAGAGCTGCA_NS_02","P3002","train","IV","IV","Advanced",1,"IV",2,"Myeloid cells","Myeloid cells","mo-Mac","mBrain","NS_02","mBrain",0.0575970877198849,0.0250462358413863,0.917356676438729,0.00140703990161693,0.000486879111981492,0.998106080986402,0.00132301314256565,0.000437954518954516,0.99823903233848,0.000303115616688453,0.000104577899425685,0.999592306483886,0.00026869974937889,9.78594780851263e-05,0.999633440772536
"AGGCCGTGTTGGTTTG_NS_16","P3016","train","IIIA","III","Advanced",1,"II_III",1,"Oligodendrocytes",NA,NA,"mBrain","NS_16","mBrain",0.0463613666756003,0.877374027405111,0.0762646059192888,0.00460943914879401,0.967300035838563,0.0280905250126427,0.0066567590639099,0.962097150388266,0.031246090547824,0.00101398345410229,0.992779419844817,0.00620659670108037,0.00135671074623347,0.990588339070366,0.00805495018340024
"AAAGTAGAGAATTCCC_NS_17","P3017","train","IV","IV","Advanced",1,"IV",2,"Myeloid cells","Myeloid cells","Microglia/Mac","mBrain","NS_17","mBrain",0.0423976132130237,0.00509336235653607,0.95250902443044,0.006733369167592,0.00048497624387752,0.992781654588531,0.00569374507825632,0.000452018718253291,0.99385423620349,0.00146439118985375,0.000104740653085017,0.998430868157061,0.00139785196035322,8.95974498391389e-05,0.998512550589808
"ATCATGGGTTGTGGAG_NS_03","P3003","train","IV","IV","Advanced",1,"IV",2,"Epithelial cells","Epithelial cells","Malignant cells","mBrain","NS_03","mBrain",0.025292417427858,0.096439511777029,0.878268070795113,0.0107975487424167,0.00970681210503172,0.979495639152552,0.011395627514594,0.0100433677547281,0.978561004730678,0.00236287099190012,0.00212123321641511,0.995515895791685,0.00294835887527261,0.00237769244327321,0.994673948681454
"AGAGCGAAGGTGTGGT_NS_02","P3002","train","IV","IV","Advanced",1,"IV",2,"Myeloid cells","Myeloid cells","mo-Mac","mBrain","NS_02","mBrain",0.0150685018612688,0.00733316566056188,0.977598332478169,0.00015204613933763,2.27023715906458e-05,0.999825251489072,0.00014387379333553,1.92581177993951e-05,0.999836868088865,3.26932191548716e-05,4.86515926583604e-06,0.999962441621579,2.90979731678945e-05,4.61365810750299e-06,0.999966288368725
"GCATGATGTGAGGGTT_NS_13","P3013","train","IV","IV","Advanced",1,"IV",2,"T lymphocytes","T/NK cells","Undetermined","mBrain","NS_13","mBrain",0.0944047076906255,0.00889545797499453,0.89669983433438,0.0221287022754665,0.000262429322647173,0.977608868401886,0.0218056346284189,0.000229738970248677,0.977964626401332,0.00480690206784433,5.71894184362494e-05,0.995135908513719,0.00459639365020592,5.5104404583805e-05,0.99534850194521
"GACTAACGTTTGGGCC_NS_02","P3002","train","IV","IV","Advanced",1,"IV",2,"T lymphocytes","T/NK cells","CD4+ Th","mBrain","NS_02","mBrain",0.0899183078651291,0.112686411260692,0.797395280874179,0.0498229345189,0.00851924919433256,0.941657816286767,0.0467153744340916,0.00777411546829464,0.945510510097614,0.0112634422722792,0.00192094200506184,0.986815615722659,0.011117335458009,0.00173478954327437,0.987147874998717
"CGTTAGATCGCCATAA_NS_16","P3016","train","IIIA","III","Advanced",1,"II_III",1,"NK cells","T/NK cells","NK","mBrain","NS_16","mBrain",0.466103233548632,0.394746696612448,0.13915006983892,0.286974274716988,0.647772634599614,0.065253090683397,0.292832270256931,0.638676089997786,0.0684916397452834,0.085319661372617,0.895463517087008,0.0192168215403748,0.089805694798798,0.889598833763474,0.0205954714377275
"GTAACTGGTTCTCATT_NS_16","P3016","train","IIIA","III","Advanced",1,"II_III",1,"B lymphocytes","B lymphocytes","MALT B cells","mBrain","NS_16","mBrain",0.283234182372206,0.506198893162219,0.210566924465575,0.23152474487496,0.686428136507446,0.0820471186175942,0.23821897718063,0.681092120634966,0.0806889021844038,0.065745256339534,0.910911529582514,0.0233432140779521,0.0666756860994869,0.910430266152301,0.0228940477482117
"GACTACACACCGCTAG_NS_03","P3003","train","IV","IV","Advanced",1,"IV",2,"Epithelial cells","Epithelial cells","Malignant cells","mBrain","NS_03","mBrain",0.00660279715957006,0.0392945102190577,0.954102692621372,0.00144939250525915,0.00150081067791512,0.997049796816826,0.00160969601540634,0.00182652823765261,0.996563775746941,0.000311706895778114,0.000323293380732106,0.99936499972349,0.000459743993693814,0.000437349224965764,0.99910290678134
"GTCGGGTCAAAGGAAG_NS_19","P3019","train","IV","IV","Advanced",1,"IV",2,"Myeloid cells","Myeloid cells","mo-Mac","mBrain","NS_19","mBrain",0.0128870472124205,0.0430067828586223,0.944106169928957,0.000696994509593315,0.0066001850754878,0.992702820414919,0.000616538915095351,0.00521854300207402,0.994164918082831,0.000152023572057395,0.00142696496068963,0.998421011467253,0.000139109000124993,0.00125908546405006,0.998601805535825
"GGCCGATTCACGATGT_NS_19","P3019","train","IV","IV","Advanced",1,"IV",2,"Myeloid cells","Myeloid cells","mo-Mac","mBrain","NS_19","mBrain",0.00984742626384094,0.0284807020652542,0.961671871670905,0.000290161145714951,0.000936105474895164,0.99877373337939,0.000271267762011961,0.000809367372860407,0.998919364865128,6.27638822650849e-05,0.000201223687552015,0.999736012430183,5.94720456107575e-05,0.000179865344778362,0.999760662609611
"GATCAGTAGCATCATC_NS_02","P3002","train","IV","IV","Advanced",1,"IV",2,"Myeloid cells","Myeloid cells","mo-Mac","mBrain","NS_02","mBrain",0.000236671174753036,0.00137020310718668,0.99839312571806,1.44561532496999e-07,2.20638878100915e-06,0.999997649049687,1.33869907966456e-07,2.01193295741999e-06,0.999997854197135,3.12759309635641e-08,4.72149007987123e-07,0.999999496575061,2.67958489535067e-08,3.9463162978556e-07,0.999999578572521
"GCGCGATTCTAACTTC_NS_04","P3004","train","IV","IV","Advanced",1,"IV",2,"Epithelial cells","Epithelial cells","Malignant cells","mBrain","NS_04","mBrain",0.130410914659754,0.00367501043173479,0.865914074908512,0.0213607449285273,0.00274396493709417,0.975895290134378,0.0222890614267403,0.00264350048104502,0.975067438092215,0.00469376573633095,0.000602262119877894,0.994703972143791,0.00523507559199645,0.000547479392460684,0.994217445015543
"GGGAGATTCTTCGGTC_NS_19","P3019","train","IV","IV","Advanced",1,"IV",2,"Myeloid cells","Myeloid cells","mo-Mac","mBrain","NS_19","mBrain",0.104895340201308,0.0936435970366653,0.801461062762027,0.00600636713030589,0.00416471291895237,0.989828919950742,0.00564056271034071,0.00383672524703999,0.990522712042619,0.00131271366478301,0.000901501724056301,0.997785784611161,0.00112293408646086,0.000766246584761069,0.998110819328778
"TTCTTAGTCAGCCTAA_NS_02","P3002","train","IV","IV","Advanced",1,"IV",2,"T lymphocytes","T/NK cells","Treg","mBrain","NS_02","mBrain",0.352694701782401,0.336649017473717,0.310656280743882,0.243135932619949,0.199744371363561,0.557119696016489,0.232395847505652,0.18552785785923,0.582076294635118,0.0795922213964884,0.065528839719411,0.854878938884101,0.0759970275767061,0.0606726918830907,0.863330280540203
"AGTCTTTGTGAAAGAG_NS_04","P3004","train","IV","IV","Advanced",1,"IV",2,"T lymphocytes","T/NK cells","Exhausted CD8+ T","mBrain","NS_04","mBrain",0.634550166447491,0.202396711105733,0.163053122446776,0.699078596698023,0.0560431970787665,0.24487820622321,0.702958771380575,0.0509304141704921,0.246110814448933,0.369056350126314,0.029475982071284,0.601467667802402,0.380406304975587,0.0299424474728008,0.589651247551612
"CTACATTCACTTGGAT_NS_19","P3019","train","IV","IV","Advanced",1,"IV",2,"B lymphocytes","B lymphocytes","Plasma cells","mBrain","NS_19","mBrain",0.170373567621197,0.0544152807427565,0.775211151636047,0.0219319090492639,0.00618473479851229,0.971883356152224,0.0213556923448247,0.00597462025775394,0.972669687397421,0.00483687729279505,0.001354821949503,0.993808300757702,0.00465961496098163,0.00133133104012536,0.994009053998893
"GGATTACTCGCCCTTA_NS_17","P3017","train","IV","IV","Advanced",1,"IV",2,"Fibroblasts","Fibroblasts","Pericytes","mBrain","NS_17","mBrain",0.315639404003865,0.0563783429907103,0.627982253005425,0.111334982398942,0.0334620069649917,0.855203010636066,0.110711370651174,0.03066134668013,0.858627282668696,0.0264581560809606,0.00807323899244271,0.965468604926597,0.0308704163749176,0.00877224327045056,0.960357340354632
"ATCATCTAGGGATCTG_NS_17","P3017","train","IV","IV","Advanced",1,"IV",2,"Epithelial cells","Epithelial cells","Malignant cells","mBrain","NS_17","mBrain",0.00792209250365026,2.00420148774574e-05,0.992057865481472,0.000639552947745496,1.2692468888175e-05,0.999347754583366,0.000496010236158969,1.50558409171978e-05,0.999488933922924,0.000139830878328724,2.74144727284375e-06,0.999857427674398,0.000154747398098765,2.36477937193493e-06,0.999842887822529
"CTGCCTACACGGTAAG_NS_19","P3019","train","IV","IV","Advanced",1,"IV",2,"Epithelial cells","Epithelial cells","Malignant cells","mBrain","NS_19","mBrain",0.000416408139797992,0.000127789477290435,0.999455802382912,4.0564410268394e-09,3.71027927496054e-08,0.999999958840766,3.6080060916887e-09,2.88644141895655e-08,0.99999996752758,9.07783859049639e-10,8.03289502506941e-09,0.999999991059321,7.40137618722771e-10,5.6336472631667e-09,0.999999993626215
"TTGGCAATCGAATGCT_NS_19","P3019","train","IV","IV","Advanced",1,"IV",2,"Epithelial cells","Epithelial cells","Malignant cells","mBrain","NS_19","mBrain",0.0129252945067316,0.000342219462458089,0.98673248603081,3.03382957322976e-07,7.97223196758958e-08,0.999999616894723,2.68442897235188e-07,6.15939168167272e-08,0.999999669963186,6.81453016367859e-08,1.72868383836127e-08,0.99999991456786,5.51713172951073e-08,1.25821272340992e-08,0.999999932246556
"CAGAATCCACATGACT_NS_04","P3004","train","IV","IV","Advanced",1,"IV",2,"Myeloid cells","Myeloid cells","mo-Mac","mBrain","NS_04","mBrain",0.379994265970485,0.0266411718165141,0.593364562213001,0.135735233469596,0.00183899185345676,0.862425774676947,0.13546740710821,0.00178862797205185,0.862743964919738,0.0330289738224208,0.00044478007701095,0.966526246100568,0.031539451114871,0.000495322943886481,0.967965225941242
"TGAGGGATCAGCACAT_NS_02","P3002","train","IV","IV","Advanced",1,"IV",2,"Oligodendrocytes",NA,NA,"mBrain","NS_02","mBrain",0.0174307068171664,0.485514316451273,0.497054976731561,0.000466694956989101,0.274440018382847,0.725093286660164,0.000567972821493234,0.244469759450533,0.754962267727973,0.000129224504946117,0.0749582271266937,0.92491254836836,0.000128153599095154,0.062000321323303,0.937871525077602
"TCCACACTCAGCCTAA_NS_19","P3019","train","IV","IV","Advanced",1,"IV",2,"Fibroblasts","Endothelial cells","Tumor ECs","mBrain","NS_19","mBrain",0.149524582072899,0.00901747290050955,0.841457945026592,0.0163730556317882,0.000132953990644642,0.983493990377567,0.016957403335193,0.000144135834864802,0.982898460829942,0.00341547453475377,2.81770053115259e-05,0.996556348459935,0.00404611877950455,2.21145082529125e-05,0.995931766712243
"CACATTTTCGGCGGTT_NS_13","P3013","train","IV","IV","Advanced",1,"IV",2,"Epithelial cells","Epithelial cells","Malignant cells","mBrain","NS_13","mBrain",0.00044559216849737,1.26978971134833e-06,0.999553138041791,3.08869918774482e-06,4.23554447905387e-07,0.999996487746364,2.92647559225989e-06,4.87029993596014e-07,0.999996586494414,6.63590091803293e-07,9.0729218908296e-08,0.999999245680689,6.9208969318081e-07,1.04232663783656e-07,0.999999203677643
"CACCTTGAGCTAACAA_NS_02","P3002","train","IV","IV","Advanced",1,"IV",2,"NK cells","T/NK cells","NK","mBrain","NS_02","mBrain",0.233563776612964,0.111746435396151,0.654689787990884,0.138901844512752,0.00606165039013841,0.85503650509711,0.135398030378749,0.00545163627641957,0.859150333344831,0.0337609834338597,0.00146974516140437,0.964769271404736,0.0324290835499268,0.00136692326982276,0.966203993180251
"TCCCGATCAGTTAACC_NS_17","P3017","train","IV","IV","Advanced",1,"IV",2,"Epithelial cells","Epithelial cells","Malignant cells","mBrain","NS_17","mBrain",0.00119365680639706,9.50405399612046e-06,0.998796839139607,6.46945056797977e-05,1.33771960192674e-06,0.999933967774718,5.34394453401186e-05,1.50188011961199e-06,0.99994505867454,1.40238727239343e-05,2.87764171063803e-07,0.999985688363105,1.55038964964977e-05,2.60198946267449e-07,0.999984235904557
"TGTTCCGCAGCGTAAG_NS_02","P3002","train","IV","IV","Advanced",1,"IV",2,"B lymphocytes","B lymphocytes","Follicular B cells","mBrain","NS_02","mBrain",0.376950458753947,0.0292309307095414,0.593818610536511,0.354861819855988,0.00379022804913408,0.641347952094878,0.355828478679717,0.00373068218174357,0.64044083913854,0.105957895521543,0.00112943725299053,0.892912667225467,0.106575852786642,0.0010395652304464,0.892384581982912
"ATGCGATAGTAGCGGT_NS_03","P3003","train","IV","IV","Advanced",1,"IV",2,"Epithelial cells","Epithelial cells","Malignant cells","mBrain","NS_03","mBrain",0.00520431873134644,0.0710609265722363,0.923734754696417,0.000419609434869519,0.00101972540219878,0.998560665162932,0.000493393387294987,0.00124728976443652,0.998259316848269,8.99744261763406e-05,0.000218768726905085,0.999691256846919,0.000131496707682411,0.000298484640349156,0.999570018651968
"CGTGAGCGTTGTACAC_NS_13","P3013","train","IV","IV","Advanced",1,"IV",2,"Epithelial cells","Epithelial cells","Malignant cells","mBrain","NS_13","mBrain",0.309012236097296,0.0413397544874805,0.649648009415224,0.168698173054937,0.0134904790507512,0.817811347894312,0.179990338968631,0.0127598316570176,0.807249829374351,0.0421926775100001,0.00337996851810072,0.954427353971899,0.0409622586755539,0.00353808952743697,0.955499651797009
"ACTGAACAGGGTGTTG_NS_19","P3019","train","IV","IV","Advanced",1,"IV",2,"Myeloid cells","Myeloid cells","mo-Mac","mBrain","NS_19","mBrain",0.165184565666582,0.312424901017924,0.522390533315493,0.0299327196955948,0.191319676690744,0.778747603613661,0.0275647787085887,0.163432850930645,0.809002370360766,0.00787639265714997,0.0497356636179684,0.942387943724882,0.00722626756918864,0.0463641606191445,0.946409571811667
"GGCTCGACATGTAGTC_NS_03","P3003","train","IV","IV","Advanced",1,"IV",2,"Epithelial cells","Epithelial cells","Malignant cells","mBrain","NS_03","mBrain",0.0128344386468136,0.0435630772800061,0.94360248407318,0.00483654128949398,0.000910282411829785,0.994253176298676,0.00526063070275862,0.000990561344454253,0.993748807952787,0.00104489587657943,0.000196110979498721,0.998758993143922,0.0013505559508095,0.000243446167567643,0.998405997881623
"CACATTTTCCTAGTGA_NS_19","P3019","train","IV","IV","Advanced",1,"IV",2,"Myeloid cells","Myeloid cells","mo-Mac","mBrain","NS_19","mBrain",0.126085993453295,0.178369089074054,0.695544917472651,0.0109797828691092,0.0249126767012634,0.964107540429627,0.0104986767185927,0.0226440742053415,0.966857249076066,0.00244409376602182,0.00550055077126305,0.992055355462715,0.00214877308914174,0.00464753752591954,0.993203689384939
"GAACCTATCCTTCAAT_NS_04","P3004","train","IV","IV","Advanced",1,"IV",2,"Myeloid cells","Myeloid cells","mo-Mac","mBrain","NS_04","mBrain",0.391178750161062,0.0676717086685289,0.541149541170409,0.0492451411497562,0.00305962066183406,0.94769523818841,0.0470490139055851,0.0031024614701678,0.949848524624247,0.011071159107658,0.000685610623328475,0.988243230269014,0.0107009711683808,0.000745084924098798,0.98855394390752
"TCACAAGTCTTCGAGA_NS_03","P3003","train","IV","IV","Advanced",1,"IV",2,"Epithelial cells","Epithelial cells","Malignant cells","mBrain","NS_03","mBrain",0.000758194629370769,0.00906174836254222,0.990180057008087,5.75538358082896e-05,0.000299576277135618,0.999642869887056,6.05081112492605e-05,0.000337628276954643,0.999601863611796,1.2384354288496e-05,6.44872580051918e-05,0.999923128387706,1.67195703559671e-05,7.85448283864611e-05,0.999904735601258
"CCTAGCTTCCTCCTAG_NS_17","P3017","train","IV","IV","Advanced",1,"IV",2,"Epithelial cells","Epithelial cells","Malignant cells","mBrain","NS_17","mBrain",0.000827378569078618,3.48944643072743e-07,0.999172272486278,1.15192922255093e-05,1.72011214168071e-07,0.99998830869656,9.41649196144791e-06,2.15707511267799e-07,0.999990367800527,2.5221080898518e-06,3.71448318516181e-08,0.999997440747078,3.3555229982608e-06,3.27847369575608e-08,0.999996611692265
"CGGAGTCGTAGGGACT_NS_17","P3017","train","IV","IV","Advanced",1,"IV",2,"Epithelial cells","Epithelial cells","Malignant cells","mBrain","NS_17","mBrain",0.00354659824642793,5.1488430487086e-06,0.996448252910523,0.000150065909144711,1.64358908018757e-06,0.999848290501775,0.000132236173145493,1.99713856692498e-06,0.999865766688288,3.26500783182569e-05,3.54442920941766e-07,0.999966995478761,4.09207064463024e-05,3.09697586336686e-07,0.999958769595967
"AGAATAGCAATCGAAA_NS_17","P3017","train","IV","IV","Advanced",1,"IV",2,"Myeloid cells","Myeloid cells","Microglia/Mac","mBrain","NS_17","mBrain",0.0905471465360748,0.0115001472428261,0.897952706221099,0.0259593943082489,0.00677746965893416,0.967263136032817,0.0221053517153667,0.00663812268061247,0.971256525604021,0.00574423843043623,0.00149468956082386,0.99276107200874,0.00554768027610133,0.00128178092503447,0.993170538798864
"ACGTCAAGTTCCATGA_NS_03","P3003","train","IV","IV","Advanced",1,"IV",2,"Epithelial cells","Epithelial cells","Malignant cells","mBrain","NS_03","mBrain",0.00110106501799766,0.00822188210161438,0.990677052880388,0.000115692134127176,0.000234992475360682,0.999649315390512,0.000126052115815687,0.0002829477146515,0.999591000169533,2.48377351302635e-05,5.05133794817219e-05,0.999924648885388,3.44845191636376e-05,6.81634634356182e-05,0.999897352017401
"CAGATCAGTAATCACC_NS_19","P3019","train","IV","IV","Advanced",1,"IV",2,"Myeloid cells","Myeloid cells","mo-Mac","mBrain","NS_19","mBrain",0.555218333628274,0.10158855928364,0.343193107088086,0.660309426682138,0.0150610785001075,0.324629494817754,0.648357829196901,0.0134024495018958,0.338239721301203,0.301649783322126,0.00687068232460219,0.691479534353272,0.287973493666488,0.00644867301557697,0.705577833317935
"CAGCAGCTCTCTAGGA_NS_06","P3006","train","IV","IV","Advanced",1,"IV",2,"Oligodendrocytes",NA,NA,"mBrain","NS_06","mBrain",0.000116360519781385,0.0114546097162613,0.988429029763957,1.79476801040456e-07,0.00482620946906045,0.995173611054138,2.02278466271997e-07,0.00456715416763566,0.995432643553898,3.94128102686554e-08,0.00103969711618268,0.998960263471007,3.99456766460366e-08,0.000859523376893185,0.99914043667743
"TCGAGGCAGTGCTGCC_NS_13","P3013","train","IV","IV","Advanced",1,"IV",2,"B lymphocytes","B lymphocytes","Follicular B cells","mBrain","NS_13","mBrain",0.233453407877403,0.036612824700802,0.729933767421795,0.282075187512523,0.0108506600174067,0.707074152470071,0.280604002519842,0.0115029791450627,0.707893018335095,0.078418914834222,0.00301414070669974,0.918566944459078,0.0757138352345869,0.0031598009696594,0.921126363795754
"GCTCCTAAGCGAAGGG_NS_06","P3006","train","IV","IV","Advanced",1,"IV",2,"Myeloid cells","Myeloid cells","CD163+CD14+ DCs","mBrain","NS_06","mBrain",0.148077562779402,0.162905342859034,0.689017094361564,0.0358490043286667,0.0364517943113315,0.927699201360002,0.0364794739303262,0.0353481012009264,0.928172424868747,0.00814865449620854,0.00829061098448229,0.983560734519309,0.00750309768519171,0.00853319975459294,0.983963702560215
"ACTGCTCTCAATCTCT_NS_06","P3006","train","IV","IV","Advanced",1,"IV",2,"Myeloid cells","Myeloid cells","Undetermined","mBrain","NS_06","mBrain",0.134731349423182,0.181341403262257,0.683927247314561,0.148221867476044,0.141236450326251,0.710541682197705,0.148242236765295,0.123300175743592,0.728457587491113,0.041277724187212,0.0392438150514551,0.919478460761333,0.039793203670953,0.0342350005604785,0.925971795768569
"GTAACTGTCAATACCG_NS_19","P3019","train","IV","IV","Advanced",1,"IV",2,"Fibroblasts","Fibroblasts","FB-like cells","mBrain","NS_19","mBrain",0.0141985355269267,0.0476463966581273,0.938155067814946,2.33345953051838e-05,0.000238325310712612,0.999738340093982,2.19702240461306e-05,0.000226189246040985,0.999751840529913,5.14345982037827e-06,5.16292198899101e-05,0.99994322732029,5.05397477479564e-06,4.8391653583132e-05,0.999946554371642
"ATGGGAGCACATCCAA_NS_19","P3019","train","IV","IV","Advanced",1,"IV",2,"T lymphocytes","T/NK cells","CD8 low T","mBrain","NS_19","mBrain",0.0726024442062779,0.0135285476540482,0.913869008139674,0.00372593024720335,3.08541998011179e-05,0.996243215552996,0.00337055269612864,2.52892041517394e-05,0.99660415809972,0.00080515056807013,6.6631747704144e-06,0.99918818625716,0.000728348064933965,5.93700390882114e-06,0.999265714931157
"CGCCAAGTCTTCATGT_NS_13","P3013","train","IV","IV","Advanced",1,"IV",2,"MAST cells","MAST cells","MAST","mBrain","NS_13","mBrain",0.206198815301888,0.0325561552300863,0.761245029468026,0.105448742090223,0.0157495406117779,0.878801717298,0.10681707805345,0.0162844622760272,0.876898459670523,0.0249379138772548,0.00371832111560246,0.971343765007143,0.0226779668016874,0.00391655823796401,0.973405474960349
"TAGAGCTAGCTGATAA_NS_16","P3016","train","IIIA","III","Advanced",1,"II_III",1,"B lymphocytes","B lymphocytes","MALT B cells","mBrain","NS_16","mBrain",0.166652262021071,0.430482982233538,0.40286475574539,0.0987625244754424,0.439983777276561,0.461253698247997,0.100721404672083,0.435359493171384,0.463919102156533,0.0378801798442214,0.786217113396507,0.175902706759271,0.0380890942390733,0.784824614539698,0.177086291221229
"GTACTCCTCTTTACGT_NS_16","P3016","train","IIIA","III","Advanced",1,"II_III",1,"T lymphocytes","T/NK cells","CD8+/CD4+ Mixed Th","mBrain","NS_16","mBrain",0.532511850799612,0.35682090336699,0.110667245833398,0.638939940731457,0.256070530048666,0.104989529219877,0.637756409925001,0.256555724358849,0.10568786571615,0.329617956641652,0.616257690808922,0.0541243525494261,0.333398001180228,0.612448579053517,0.0541534197662545
"TACCTTATCTACCTGC_NS_13","P3013","train","IV","IV","Advanced",1,"IV",2,"MAST cells","MAST cells","MAST","mBrain","NS_13","mBrain",0.0653957489237681,0.0147232429005192,0.919881008175713,0.0393338493270949,0.000798160877980296,0.959867989794925,0.0371918698585547,0.000787787866316762,0.962020342275128,0.00870344046142916,0.000176134379636798,0.991120425158934,0.00765689220000864,0.000180585162372815,0.992162522637619
"TCTTTCCTCCCTAACC_NS_17","P3017","train","IV","IV","Advanced",1,"IV",2,"Myeloid cells","Myeloid cells","Microglia/Mac","mBrain","NS_17","mBrain",0.0222330589666316,0.00267330300077268,0.975093638032596,0.000832724531548903,0.000191333008768377,0.998975942459683,0.000786898381138596,0.00021580396292813,0.998997297655933,0.000178722745981842,4.11764149141547e-05,0.999780100839104,0.000170730370873069,4.26406575467205e-05,0.99978662897158
"ACACTGAAGAATCTCC_NS_17","P3017","train","IV","IV","Advanced",1,"IV",2,"Epithelial cells","Epithelial cells","Malignant cells","mBrain","NS_17","mBrain",0.000181114566822311,6.56377664158258e-08,0.999818819795411,4.61975282036217e-06,6.58568570640745e-08,0.999995314390323,3.58302600602029e-06,8.66128266785878e-08,0.999996330361167,1.01111540594311e-06,1.42667950238303e-08,0.999998974617799,1.35487193032117e-06,1.21867981709225e-08,0.999998632941271
"CCGGTAGAGGCAAAGA_NS_06","P3006","train","IV","IV","Advanced",1,"IV",2,"Myeloid cells","Myeloid cells","Undetermined","mBrain","NS_06","mBrain",0.0317121844340095,0.0342171325802652,0.934070682985725,0.00388303050874805,0.00332476184936594,0.992792207641886,0.00362145082814349,0.00293039781150165,0.993448151360355,0.000844086664050189,0.000718138780199492,0.99843777455575,0.000761366002318254,0.000668083986838082,0.998570550010844
"GACGGCTTCCACGCAG_NS_13","P3013","train","IV","IV","Advanced",1,"IV",2,"T lymphocytes",NA,NA,"mBrain","NS_13","mBrain",0.697289194669006,0.146270148491597,0.156440656839397,0.88195310570424,0.0547561136861382,0.0632907806096222,0.883761517432242,0.0519725817350703,0.0642659008326877,0.716400785971904,0.0443924393444268,0.239206774683669,0.717847880616215,0.0420869381967611,0.240065181187024
"TTAACTCCAGCTGTGC_NS_19","P3019","train","IV","IV","Advanced",1,"IV",2,"Myeloid cells","Myeloid cells","mo-Mac","mBrain","NS_19","mBrain",0.0889942998907141,0.0648446532376647,0.846161046871621,0.0031337283974222,0.00186172474448632,0.995004546858091,0.002962108191253,0.00168682489062976,0.995351066918117,0.000680974050867131,0.000401075989036102,0.998917949960097,0.000580350782905069,0.000344591240260718,0.999075057976834
"CAGCTGGCACATTCGA_NS_04","P3004","train","IV","IV","Advanced",1,"IV",2,"Myeloid cells","Myeloid cells","mo-Mac","mBrain","NS_04","mBrain",0.0239403826816442,0.0211299478382001,0.954929669480156,0.00263960072318099,0.000706932989655653,0.996653466287163,0.00243342816863783,0.000587862388036884,0.996978709443325,0.000572229497255742,0.000152013532931239,0.999275756969813,0.000532008881703709,0.000144591255585936,0.99932339986271
"TGCGTGGAGACGCAAC_NS_04","P3004","train","IV","IV","Advanced",1,"IV",2,"Epithelial cells","Epithelial cells","Malignant cells","mBrain","NS_04","mBrain",0.046319706735181,4.04522103014979e-05,0.953639841054518,0.00308760726529371,0.000121799158010518,0.996790593576696,0.00302369584837584,0.000129374276766908,0.996846929874857,0.000663442723446341,2.61829145619105e-05,0.999310374361992,0.000815529346350966,2.4473656739678e-05,0.999159996996909
"AACTCAGCAGTAAGCG_NS_04","P3004","train","IV","IV","Advanced",1,"IV",2,"Epithelial cells","Epithelial cells","Malignant cells","mBrain","NS_04","mBrain",0.197131135618384,0.000629446494537469,0.802239417887079,0.0158448574097875,0.000568566376154111,0.983586576214058,0.0171317972733879,0.000605494300184271,0.982262708426428,0.00344555843536143,0.000123443009126899,0.996430998555512,0.00426687040637771,0.000124410245981631,0.995608719347641
"GCAAACTGTCAGAATA_NS_19","P3019","train","IV","IV","Advanced",1,"IV",2,"Myeloid cells","Myeloid cells","mo-Mac","mBrain","NS_19","mBrain",0.0350263885807387,0.114062683428113,0.850910927991148,0.00330789573887501,0.0537735015046042,0.942918602756521,0.00298217599943089,0.044354542476718,0.952663281523851,0.000749849050561798,0.0120940225805141,0.987156128368924,0.000685329560307873,0.0110661518301708,0.988248518609521
"GGAACTTCAAGTACCT_NS_17","P3017","train","IV","IV","Advanced",1,"IV",2,"T lymphocytes","T/NK cells","Exhausted CD8+ T","mBrain","NS_17","mBrain",0.0373538261095938,0.000632529774827512,0.962013644115579,0.00510820924754727,3.83130134744255e-05,0.994853477738978,0.00488538089152449,3.87012714994455e-05,0.995075917836976,0.00110521622144045,8.27758083627289e-06,0.998886506197723,0.00120542557290288,7.31923304664229e-06,0.99878725519405
"TTCTCAAGTCGCTTCT_NS_04","P3004","train","IV","IV","Advanced",1,"IV",2,"Epithelial cells","Epithelial cells","Malignant cells","mBrain","NS_04","mBrain",0.397131421928999,0.0115985469881202,0.591270031082881,0.0456896557920889,0.00847766654632304,0.945832677661588,0.0473132328515728,0.00839837637789453,0.944288390770533,0.0103219664941496,0.0019084900707108,0.98776954343514,0.0111264337446805,0.00181134981790128,0.987062216437418
"TGCACCTTCAGAAATG_NS_13","P3013","train","IV","IV","Advanced",1,"IV",2,"T lymphocytes","T/NK cells","Undetermined","mBrain","NS_13","mBrain",0.595853857394503,0.0743198026818078,0.329826339923689,0.764218593342157,0.00416288254796973,0.231618524109874,0.764555647001098,0.00399439085006382,0.231449962148838,0.412452404721876,0.00225520093125253,0.585292394346871,0.41389512736369,0.00224794545927016,0.58385692717704
"CCTACCAAGCCGGTAA_NS_03","P3003","train","IV","IV","Advanced",1,"IV",2,"Epithelial cells","Epithelial cells","Malignant cells","mBrain","NS_03","mBrain",0.00522095729227482,0.0712710753094829,0.923507967398242,0.00088692223386926,0.00174883871092764,0.997364239055203,0.00104689102393827,0.00207788204447665,0.996875226931585,0.000191817693194759,0.000377086513773118,0.999431095793032,0.000277095270364011,0.000478830971438506,0.999244073758197
"CGAGCCACACCAGCAC_NS_03","P3003","train","IV","IV","Advanced",1,"IV",2,"Epithelial cells","Epithelial cells","Malignant cells","mBrain","NS_03","mBrain",0.00437435689795268,0.0166908143793878,0.97893482872266,0.000449986723064233,0.000341515582644914,0.999208497694291,0.00047218986355862,0.000409119189092021,0.999118690947349,9.69958885349878e-05,7.35392058660679e-05,0.999829464905599,0.000136144038214317,0.000102827622660348,0.999761028339125
"CATGCCTCAATGGTCT_NS_13","P3013","train","IV","IV","Advanced",1,"IV",2,"B lymphocytes","B lymphocytes","Follicular B cells","mBrain","NS_13","mBrain",0.789989586535192,0.0675092140716048,0.142501199393204,0.972546499764536,0.00164425907762922,0.0258092411578347,0.972351491635121,0.00154615836624712,0.0261023499986317,0.887967583899849,0.0015075977381239,0.110524818362027,0.8807712337049,0.00161792217363301,0.117610844121467
"GGGATGACAAAGCAAT_NS_03","P3003","train","IV","IV","Advanced",1,"IV",2,"Epithelial cells","Epithelial cells","Malignant cells","mBrain","NS_03","mBrain",0.00917848225679581,0.014264425538373,0.976557092204831,0.00167322579253173,0.000753952045364965,0.997572822162103,0.00172481804040908,0.000807605914685227,0.997467576044906,0.000358943643987693,0.000161999297138735,0.999479057058874,0.000419119475306353,0.000179074157001994,0.999401806367692
"ATAAGAGCATGTAAGA_NS_13","P3013","train","IV","IV","Advanced",1,"IV",2,"B lymphocytes","B lymphocytes","Plasma cells","mBrain","NS_13","mBrain",0.368609574640907,0.219333141749238,0.412057283609856,0.355431736716015,0.125615387885472,0.518952875398513,0.364774202646564,0.122242464815509,0.512983332537927,0.122438378787746,0.0432548879792301,0.834306733233024,0.12313425385946,0.0429079131285356,0.833957833012004
"CTGATAGTCGAACGGA_NS_19","P3019","train","IV","IV","Advanced",1,"IV",2,"Myeloid cells","Myeloid cells","CD1c+ DCs","mBrain","NS_19","mBrain",0.0721572223998918,0.0174105599947612,0.910432217605347,0.00238976351003171,1.51651369397368e-05,0.997595071353028,0.00233007523344487,1.27060459484324e-05,0.997657218720607,0.000511701309246548,3.25198522448697e-06,0.999485046705529,0.000454606837691341,3.34041136120835e-06,0.999542052750948
"GACGCGTCAGATAATG_NS_03","P3003","train","IV","IV","Advanced",1,"IV",2,"Epithelial cells","Epithelial cells","Malignant cells","mBrain","NS_03","mBrain",0.00278555737671011,0.0105512027522311,0.986663239871059,0.000455683454626998,0.000212845812432339,0.999331470732941,0.000466669801426697,0.000231379717263267,0.99930195048131,9.79574065487864e-05,4.58274574308064e-05,0.99985621513602,0.000132104843357603,5.54972340585178e-05,0.999812397922584
"TACTTACGTCTAAAGA_NS_17","P3017","train","IV","IV","Advanced",1,"IV",2,"Epithelial cells","Epithelial cells","Malignant cells","mBrain","NS_17","mBrain",0.00183605326974456,3.34097226034236e-05,0.998130537007652,0.000217013039204923,5.65052262380866e-06,0.999777336438171,0.000184050108419147,5.95267741247352e-06,0.999809997214168,4.70167651395153e-05,1.22199898213543e-06,0.999951761235878,5.38477936612311e-05,1.04445716341054e-06,0.999945107749175
"ACGGAGAGTTACAGAA_NS_03","P3003","train","IV","IV","Advanced",1,"IV",2,"Epithelial cells","Epithelial cells","Malignant cells","mBrain","NS_03","mBrain",0.00223841597473915,0.014430736923954,0.983330847101307,0.000197593157531235,0.000385861997893027,0.999416544844576,0.000218132589198715,0.000447681062683435,0.999334186348118,4.2384317284138e-05,8.29562404664942e-05,0.999874659442249,5.67142796722128e-05,0.000102237083157096,0.999841048637171
"GGCGTGTCACACCGAC_NS_19","P3019","train","IV","IV","Advanced",1,"IV",2,"Myeloid cells","Myeloid cells","mo-Mac","mBrain","NS_19","mBrain",0.0924865648905032,0.0432946303479001,0.864218804761597,0.0025283212726765,0.000593287524819367,0.996878391202504,0.00227712024631411,0.000543069702518972,0.997179810051167,0.000549790490133872,0.000127866034685292,0.999322343475181,0.000467092774993936,0.000114950374498253,0.999417956850508
"TCGCGAGGTGTCTGAT_NS_17","P3017","train","IV","IV","Advanced",1,"IV",2,"T lymphocytes",NA,NA,"mBrain","NS_17","mBrain",0.037639080655602,0.00523597762708456,0.957124941717313,0.0116156789516995,0.000430704550699131,0.987953616497601,0.0108843705944614,0.000428813127664928,0.988686816277874,0.00253164068754471,9.35883315137689e-05,0.997374770980942,0.00265045769906568,8.45161679081561e-05,0.997265026133026
"CCATGTCCAGTCAGAG_NS_03","P3003","train","IV","IV","Advanced",1,"IV",2,"Myeloid cells","Myeloid cells","Monocytes","mBrain","NS_03","mBrain",0.138286807361985,0.11907372349782,0.742639469140195,0.0421796606541299,0.0166542891696256,0.941166050176245,0.0421682257319845,0.0177129482562828,0.940118826011733,0.0094919407447898,0.00374123438724626,0.986766824867964,0.00955248442392028,0.00394970309097619,0.986497812485103
"AGTCTTTTCAGATAAG_NS_04","P3004","train","IV","IV","Advanced",1,"IV",2,"Epithelial cells","Epithelial cells","Malignant cells","mBrain","NS_04","mBrain",0.165584658012774,0.00339067847292375,0.831024663514302,0.0103612343451103,0.00371988880715807,0.985918876847732,0.0109738863795026,0.00355574393727017,0.985470369683227,0.00226663443804578,0.000809538012507176,0.996923827549447,0.00247773980016928,0.000713977683286433,0.996808282516544
"ATTGGTGAGCGGCTTC_NS_17","P3017","train","IV","IV","Advanced",1,"IV",2,"Epithelial cells","Epithelial cells","Malignant cells","mBrain","NS_17","mBrain",0.00232801946352924,2.55747413734617e-05,0.997646405795097,0.000195866208863005,4.84704395329518e-06,0.999799286747184,0.000158042729262821,5.40972332086549e-06,0.999836547547416,4.2496957768286e-05,1.04480817558031e-06,0.999956458234056,4.61927701513721e-05,9.07339957918705e-07,0.999952899889891
"CGTTCTGAGAGCTGCA_NS_02","P3002","train","IV","IV","Advanced",1,"IV",2,"Myeloid cells","Myeloid cells","mo-Mac","mBrain","NS_02","mBrain",0.00111938599441762,0.00283379406523111,0.996046819940351,1.6814272095022e-06,6.99012272032191e-06,0.99999132845007,1.47723352099725e-06,6.17943361443408e-06,0.999992343332865,3.64805747858828e-07,1.49953733793336e-06,0.999998135656914,2.95225532794431e-07,1.18590013780775e-06,0.999998518874329
"TCTCTAAAGGGATACC_NS_02","P3002","train","IV","IV","Advanced",1,"IV",2,"Myeloid cells","Myeloid cells","mo-Mac","mBrain","NS_02","mBrain",0.0365410382946866,0.0207189278455034,0.94274003385981,0.000331344253258987,9.97498026263905e-05,0.999568905944115,0.000295842614755447,9.04520236492041e-05,0.999613705361595,7.12772592571129e-05,2.14143500781116e-05,0.999907308390665,6.00322570756214e-05,1.86761287439497e-05,0.99992129161418
"CTGCTGTAGTCGCCGT_NS_03","P3003","train","IV","IV","Advanced",1,"IV",2,"Epithelial cells","Epithelial cells","Malignant cells","mBrain","NS_03","mBrain",0.00305287011104084,0.0188749036369029,0.978072226252056,0.000307235046651858,0.000467108042568421,0.99922565691078,0.000335610811092189,0.00055646997000009,0.999107919218908,6.62671502741309e-05,0.000100268902131467,0.999833463947594,9.31055863958311e-05,0.000128804301379092,0.999778090112225
"ACGCCAGTCGCTTGTC_NS_16","P3016","train","IIIA","III","Advanced",1,"II_III",1,"Myeloid cells","Myeloid cells","mo-Mac","mBrain","NS_16","mBrain",0.0247424970863432,0.300670320106898,0.674587182806759,0.00125433450675012,0.155513266357277,0.843232399135973,0.00126000741202197,0.151072454328418,0.84766753825956,0.000808385774177669,0.463248867894801,0.535942746331021,0.00080177928436203,0.449427139367138,0.5497710813485
"CCATTCGGTGTTGAGG_NS_13","P3013","train","IV","IV","Advanced",1,"IV",2,"MAST cells","MAST cells","MAST","mBrain","NS_13","mBrain",0.0494469491340155,0.0194394729422613,0.931113577923723,0.0277163299139818,0.00308359255413195,0.969200077531886,0.027313528779482,0.00306724901670463,0.969619222203813,0.00604200896203617,0.000672592330305712,0.993285398707658,0.00529779225661149,0.000690671030428378,0.99401153671296
"CAACTAGAGGGTGTGT_NS_02","P3002","train","IV","IV","Advanced",1,"IV",2,"Myeloid cells","Myeloid cells","mo-Mac","mBrain","NS_02","mBrain",0.00181540708506178,0.00642916466743062,0.991755428247508,7.44430421511364e-06,3.69316038269773e-05,0.999955624091958,7.00597453616374e-06,3.0362343726828e-05,0.999962631681737,1.60798565004449e-06,7.90825916062563e-06,0.999990483755189,1.53776093086049e-06,6.93814281916893e-06,0.99999152409625
"GGGATGACACATCTTT_NS_19","P3019","train","IV","IV","Advanced",1,"IV",2,"Myeloid cells","Myeloid cells","mo-Mac","mBrain","NS_19","mBrain",0.000640984067686934,0.000372815884351275,0.998986200047962,1.50964395004432e-07,2.92028028505938e-08,0.999999819832802,1.40200782358504e-07,3.05464990011987e-08,0.999999829252719,3.29641255604711e-08,6.26847603493834e-09,0.999999960767398,3.26885525315149e-08,7.43821620605304e-09,0.999999959873231
"TGACAACAGTGGGTTG_NS_03","P3003","train","IV","IV","Advanced",1,"IV",2,"Epithelial cells","Epithelial cells","Malignant cells","mBrain","NS_03","mBrain",0.00349746778024555,0.0682597320705425,0.928242800149212,0.000260986715805926,0.000948389668731838,0.998790623615462,0.000305865445624334,0.00108894413784791,0.998605190416528,5.60262711872338e-05,0.000203070684714253,0.999740903044098,8.06875933584e-05,0.000265033224170259,0.999654279182471
