"Cell","Patient","split","Stage","Stage_broad","Stage_group","z_obs","Stage_cat","y_cat","Cell_type","Cell_type.refined","Cell_subtype","Tissue","Sample","Sample_Origin","naive_prob_I","naive_prob_II_III","naive_prob_IV","cat_em_prob_I","cat_em_prob_II_III","cat_em_prob_IV","cat_mcem_prob_I","cat_mcem_prob_II_III","cat_mcem_prob_IV","cat_em_soft_label_I","cat_em_soft_label_II_III","cat_em_soft_label_IV","cat_mcem_soft_label_I","cat_mcem_soft_label_II_III","cat_mcem_soft_label_IV"
"CTAATGGGTGAAATCA_NS_03","P3003","train","IV","IV","Advanced",1,"IV",2,"Epithelial cells","Epithelial cells","Malignant cells","mBrain","NS_03","mBrain",0.0146677202176765,0.00276085029652357,0.9825714294858,1.09727341649746e-05,5.76183952861454e-07,0.999988451081882,1.16777983485758e-05,5.80276563769529e-07,0.999987741925088,2.34557080784671e-06,1.23010148728759e-07,0.999997531419043,2.85712850244006e-06,1.44966669710759e-07,0.999996997904828
"CTAATGGGTATAAACG_NS_13","P3013","train","IV","IV","Advanced",1,"IV",2,"MAST cells","MAST cells","MAST","mBrain","NS_13","mBrain",0.722162401941646,0.17972790857842,0.0981096894799339,0.865039980287409,0.123571729669437,0.011388290043154,0.883785180463023,0.105984483460776,0.010230336076201,0.829629985286894,0.119266356014917,0.0511036586981889,0.834948767190409,0.11042631654977,0.0546249162598206
"CGTCACTGTCTTGTCC_NS_03","P3003","train","IV","IV","Advanced",1,"IV",2,"Epithelial cells","Epithelial cells","Malignant cells","mBrain","NS_03","mBrain",0.0633251866406726,0.00458484626523239,0.932089967094095,0.000270171550797545,6.42428832001739e-06,0.999723404160882,0.000290314333326263,6.55796411969113e-06,0.999703127702554,5.76542214606988e-05,1.37753401873969e-06,0.999940968244521,6.80487984795928e-05,1.61666616675918e-06,0.999930334535354
"CAGTCCTCATCATCCC_NS_02","P3002","train","IV","IV","Advanced",1,"IV",2,"Epithelial cells","Epithelial cells","Malignant cells","mBrain","NS_02","mBrain",0.212772594598332,0.039100782098233,0.748126623303435,0.0696189765454157,0.00394002163811085,0.926441001816473,0.0681965411802144,0.00411642350982051,0.927687035309965,0.0158325641087594,0.000900665165080247,0.98326677072616,0.0158310915642165,0.000966590555148332,0.983202317880635
"CTCGAGGAGCCACGCT_NS_17","P3017","train","IV","IV","Advanced",1,"IV",2,"Myeloid cells","Myeloid cells","Microglia/Mac","mBrain","NS_17","mBrain",0.0938126183211513,0.00287013905988085,0.903317242618968,0.000560526237998907,1.96126504310952e-05,0.99941986111157,0.000478725074859667,1.50277470889806e-05,0.999506247178051,0.00012048485455519,4.36623362164687e-06,0.999875148911823,0.000124402488986254,4.16291722755251e-06,0.999871434593786
"TGACAACGTTCACCTC_NS_03","P3003","train","IV","IV","Advanced",1,"IV",2,"Epithelial cells","Epithelial cells",NA,"mBrain","NS_03","mBrain",0.113847098549265,0.00617764105598231,0.879975260394752,0.00129075316558048,1.10399933890962e-05,0.998698206841031,0.00147297710249516,1.05877017195324e-05,0.998516435195785,0.000276889981561204,2.35230399298286e-06,0.999720757714446,0.000342341264218428,2.74458800992347e-06,0.999654914147772
"GCGACCAAGAGCTGCA_NS_02","P3002","train","IV","IV","Advanced",1,"IV",2,"Myeloid cells","Myeloid cells","mo-Mac","mBrain","NS_02","mBrain",0.152734754185111,0.0879959344046505,0.759269311410238,0.00137031940468904,9.74512545233175e-05,0.998532229340788,0.00124526097794178,6.78519671317479e-05,0.998686887054926,0.000295212637647065,2.21621361064978e-05,0.999682625226246,0.000317701483895359,2.06092791522236e-05,0.999661689236952
"AGGCCGTGTTGGTTTG_NS_16","P3016","train","IIIA","III","Advanced",1,"II_III",1,"Oligodendrocytes",NA,NA,"mBrain","NS_16","mBrain",0.0282852062932252,0.56103081880295,0.410683974903825,0.0120811647793245,0.267161857964577,0.720756977256098,0.0104901244473692,0.248524420912256,0.740985454640375,0.00611799550270289,0.631909574433834,0.361972430063463,0.00477944706191302,0.631346310402186,0.363874242535901
"AAAGTAGAGAATTCCC_NS_17","P3017","train","IV","IV","Advanced",1,"IV",2,"Myeloid cells","Myeloid cells","Microglia/Mac","mBrain","NS_17","mBrain",0.157871620950546,0.00433113390429829,0.837797245145156,0.00766678769210041,0.000124702344707709,0.992208509963192,0.00675401585802743,9.62709191785785e-05,0.993149713222794,0.00166212938983132,2.7585058930539e-05,0.998310285551238,0.00171697365936637,2.68368535740807e-05,0.99825618948706
"ATCATGGGTTGTGGAG_NS_03","P3003","train","IV","IV","Advanced",1,"IV",2,"Epithelial cells","Epithelial cells","Malignant cells","mBrain","NS_03","mBrain",0.157483935213859,0.0201353645493859,0.822380700236755,0.00729238001297079,0.000235527364439414,0.99247209262259,0.00745234751603742,0.000225789801924456,0.992321862682038,0.00156457962425947,5.09305081347579e-05,0.998384489867606,0.00174830828004791,5.41268891158192e-05,0.998197564830836
"AGAGCGAAGGTGTGGT_NS_02","P3002","train","IV","IV","Advanced",1,"IV",2,"Myeloid cells","Myeloid cells","mo-Mac","mBrain","NS_02","mBrain",0.0541518975217029,0.0440695688585052,0.901778533619792,4.85914509823746e-05,1.03579739384736e-05,0.999941050575079,4.36481423567139e-05,8.1577043382138e-06,0.999948194153305,1.0418689542771e-05,2.33095004825934e-06,0.999987250360409,1.0900020928782e-05,2.25737437938982e-06,0.999986842604692
"GCATGATGTGAGGGTT_NS_13","P3013","train","IV","IV","Advanced",1,"IV",2,"T lymphocytes","T/NK cells","Undetermined","mBrain","NS_13","mBrain",0.326951713659536,0.271014863497405,0.40203342284306,0.255127729712391,0.13483256813355,0.610039702154059,0.253983120205025,0.155286339403874,0.590730540391102,0.0787906918688685,0.0426927843837013,0.87851652374743,0.0808113307799111,0.0511225679888819,0.868066101231207
"GACTAACGTTTGGGCC_NS_02","P3002","train","IV","IV","Advanced",1,"IV",2,"T lymphocytes","T/NK cells","CD4+ Th","mBrain","NS_02","mBrain",0.301042236806588,0.147520320706406,0.551437442487006,0.0676454355845738,0.0061690798540248,0.926185484561401,0.0644052687012115,0.00527566027855856,0.93031907102023,0.0153344427095338,0.00142388133613563,0.98324167595433,0.0154421203147348,0.00126657729743975,0.983291302387825
"CGTTAGATCGCCATAA_NS_16","P3016","train","IIIA","III","Advanced",1,"II_III",1,"NK cells","T/NK cells","NK","mBrain","NS_16","mBrain",0.432988517913964,0.216165393652068,0.350846088433968,0.568711094354455,0.173691835556895,0.257597070088651,0.551550330346948,0.195186686292443,0.253262983360609,0.347795663743901,0.49458759052594,0.157616745730159,0.315564382845047,0.53770143097598,0.146734186178973
"GTAACTGGTTCTCATT_NS_16","P3016","train","IIIA","III","Advanced",1,"II_III",1,"B lymphocytes","B lymphocytes","MALT B cells","mBrain","NS_16","mBrain",0.30806603330393,0.447018923643523,0.244915043052547,0.247139721244916,0.550298290551944,0.202561988203141,0.246573564781636,0.555840010990533,0.197586424227831,0.0822267549961563,0.850288423661162,0.0674848213426821,0.0827254662298714,0.851297067245785,0.0659774665243439
"GACTACACACCGCTAG_NS_03","P3003","train","IV","IV","Advanced",1,"IV",2,"Epithelial cells","Epithelial cells","Malignant cells","mBrain","NS_03","mBrain",0.0382344251880958,0.00455841491106119,0.957207159900843,2.38003833473804e-05,2.96333746527077e-06,0.999973236279187,2.29032818039098e-05,3.0696897384057e-06,0.999974027028458,5.02804221473976e-06,6.37909935238968e-07,0.99999433404785,5.66150219871408e-06,7.38514101047795e-07,0.9999935999837
"GTCGGGTCAAAGGAAG_NS_19","P3019","train","IV","IV","Advanced",1,"IV",2,"Myeloid cells","Myeloid cells","mo-Mac","mBrain","NS_19","mBrain",0.0248753692571956,0.0159441063641346,0.95918052437867,1.77696421241447e-05,1.5415358617652e-06,0.999980688822014,1.63909044248967e-05,1.06078162878953e-06,0.999982548313946,3.8292117701865e-06,3.45582719582432e-07,0.99999582520551,4.31062108500398e-06,3.3757903316393e-07,0.999995351799882
"GGCCGATTCACGATGT_NS_19","P3019","train","IV","IV","Advanced",1,"IV",2,"Myeloid cells","Myeloid cells","mo-Mac","mBrain","NS_19","mBrain",0.0460254811809868,0.0340536686415219,0.919920850177491,5.5843000474994e-05,2.31610141510716e-05,0.999920995985374,4.73966964095e-05,1.7227764463346e-05,0.999935375539127,1.1889498448775e-05,5.14042869019275e-06,0.999982970072861,1.23834881802298e-05,4.91466175343975e-06,0.999982701850066
"GATCAGTAGCATCATC_NS_02","P3002","train","IV","IV","Advanced",1,"IV",2,"Myeloid cells","Myeloid cells","mo-Mac","mBrain","NS_02","mBrain",0.0585459711363779,0.0592932243643995,0.882160804499223,0.000140088547086578,2.05321532995063e-05,0.999839379299614,0.000128708900233848,1.53712840933255e-05,0.999855919815673,3.01176757669772e-05,4.58242895454989e-06,0.999965299895278,3.22578381659575e-05,4.41922310324473e-06,0.999963322938731
"GCGCGATTCTAACTTC_NS_04","P3004","train","IV","IV","Advanced",1,"IV",2,"Epithelial cells","Epithelial cells","Malignant cells","mBrain","NS_04","mBrain",0.049490160738778,0.00489777773626873,0.945612061524953,0.000946911679602621,0.000287729125871227,0.998765359194526,0.000861393453715978,0.000332215642125274,0.998806390904159,0.00020233129388855,6.1898336080881e-05,0.99973577037003,0.000197593625007207,6.78111326862863e-05,0.999734595242307
"GGGAGATTCTTCGGTC_NS_19","P3019","train","IV","IV","Advanced",1,"IV",2,"Myeloid cells","Myeloid cells","mo-Mac","mBrain","NS_19","mBrain",0.337057416512971,0.276405941384946,0.386536642102083,0.216827665609451,0.0548229336872969,0.728349400703252,0.215234139024133,0.0543497703503514,0.730416090625515,0.0593968887092466,0.0151638854138056,0.925439225876948,0.0574076669876901,0.0147920963354595,0.92780023667685
"TTCTTAGTCAGCCTAA_NS_02","P3002","train","IV","IV","Advanced",1,"IV",2,"T lymphocytes","T/NK cells","Treg","mBrain","NS_02","mBrain",0.227993314493322,0.219384442129749,0.552622243376929,0.0466135043547151,0.104062927216233,0.849323568429052,0.045591951927069,0.0939746866049093,0.860433361468022,0.011351969543292,0.0253513705154832,0.963296659941225,0.0113992138811619,0.0217503465457716,0.966850439573066
"AGTCTTTGTGAAAGAG_NS_04","P3004","train","IV","IV","Advanced",1,"IV",2,"T lymphocytes","T/NK cells","Exhausted CD8+ T","mBrain","NS_04","mBrain",0.370225689841247,0.333781163131967,0.295993147026786,0.317604563521528,0.415673856444239,0.266721580034233,0.306594332854488,0.42726813657618,0.266137530569332,0.160342696808938,0.210728509828202,0.628928793362861,0.156792925320982,0.210319754453546,0.632887320225472
"CTACATTCACTTGGAT_NS_19","P3019","train","IV","IV","Advanced",1,"IV",2,"B lymphocytes","B lymphocytes","Plasma cells","mBrain","NS_19","mBrain",0.265273106385963,0.123718330954506,0.611008562659531,0.094128526907209,0.0354025702568017,0.870468902835989,0.0958667014204465,0.0352482761538787,0.868885022425675,0.0224486477360784,0.008407797160382,0.96914355510354,0.0235450564703774,0.00877194698091965,0.967682996548703
"GGATTACTCGCCCTTA_NS_17","P3017","train","IV","IV","Advanced",1,"IV",2,"Fibroblasts","Fibroblasts","Pericytes","mBrain","NS_17","mBrain",0.14974135709293,0.0879208715290705,0.762337771377999,0.000901526209935748,0.00663102294206498,0.992467450847999,0.00053803524264256,0.00702986402680418,0.992432100730553,0.000186604834748724,0.00144861527193567,0.998364779893316,0.000136968618698426,0.0015699362194866,0.998293095161815
"ATCATCTAGGGATCTG_NS_17","P3017","train","IV","IV","Advanced",1,"IV",2,"Epithelial cells","Epithelial cells","Malignant cells","mBrain","NS_17","mBrain",0.0347525754419613,1.06747394668023e-05,0.965236749818572,0.000154519722547013,6.76403830462612e-06,0.999838716239148,0.000131565594971236,7.05890108913479e-06,0.99986137550394,3.32022031332891e-05,1.40518265125918e-06,0.999965392614215,3.12761558782551e-05,1.40598153225457e-06,0.99996731786259
"CTGCCTACACGGTAAG_NS_19","P3019","train","IV","IV","Advanced",1,"IV",2,"Epithelial cells","Epithelial cells","Malignant cells","mBrain","NS_19","mBrain",0.00696013835232817,0.00135633475959821,0.991683526888074,1.02599906346828e-06,3.3037328292412e-06,0.999995670268107,8.2046137456642e-07,3.28100310747183e-06,0.999995898535518,2.17366447657667e-07,7.06472058481811e-07,0.999999076161494,2.09001720949948e-07,7.3610425238919e-07,0.999999054894027
"TTGGCAATCGAATGCT_NS_19","P3019","train","IV","IV","Advanced",1,"IV",2,"Epithelial cells","Epithelial cells","Malignant cells","mBrain","NS_19","mBrain",0.0204420493454341,0.0025823590390552,0.976975591615511,1.26050149687857e-05,2.15146523656063e-05,0.999965880332666,1.03799980665545e-05,2.39846340232065e-05,0.99996563536791,2.66858087175513e-06,4.70872013968002e-06,0.999992622698989,2.55471619030515e-06,5.22256317890604e-06,0.999992222720631
"CAGAATCCACATGACT_NS_04","P3004","train","IV","IV","Advanced",1,"IV",2,"Myeloid cells","Myeloid cells","mo-Mac","mBrain","NS_04","mBrain",0.203022554826504,0.0983371374816218,0.698640307691874,0.00328173929580191,0.000108552227130317,0.996609708477068,0.00298687154926588,7.41239746813311e-05,0.996939004476053,0.000706862855148441,2.47571737499788e-05,0.999268379971102,0.000753056480739479,2.2140807577493e-05,0.999224802711683
"TGAGGGATCAGCACAT_NS_02","P3002","train","IV","IV","Advanced",1,"IV",2,"Oligodendrocytes",NA,NA,"mBrain","NS_02","mBrain",0.0183535588451986,0.503555090708932,0.478091350445869,0.00243178839595321,0.191758059143375,0.805810152460672,0.00202609488878408,0.174836654614906,0.82313725049631,0.000619412405348444,0.0489823852238865,0.950398202370765,0.000470496308776656,0.0493430590359495,0.950186444655274
"TCCACACTCAGCCTAA_NS_19","P3019","train","IV","IV","Advanced",1,"IV",2,"Fibroblasts","Endothelial cells","Tumor ECs","mBrain","NS_19","mBrain",0.329846278937918,0.0366232349334293,0.633530486128652,0.0764069945431292,0.000328213902366743,0.923264791554504,0.0635418113326887,0.000391287659526962,0.936066901007784,0.0172000961774347,7.63498319807867e-05,0.982723553990584,0.0152699666321282,8.33661165502113e-05,0.984646667251322
"CACATTTTCGGCGGTT_NS_13","P3013","train","IV","IV","Advanced",1,"IV",2,"Epithelial cells","Epithelial cells","Malignant cells","mBrain","NS_13","mBrain",0.172056829384274,0.0173177029753728,0.810625467640353,0.014635531408144,0.000113095724978896,0.985251372866877,0.0155266554332346,0.00027439222239619,0.984198952344369,0.00316958496036248,2.7647519001333e-05,0.996802767520636,0.0032444913136519,6.5014632214815e-05,0.996690494054133
"CACCTTGAGCTAACAA_NS_02","P3002","train","IV","IV","Advanced",1,"IV",2,"NK cells","T/NK cells","NK","mBrain","NS_02","mBrain",0.388263000072961,0.123222184264386,0.488514815662653,0.338760659969964,0.011205897793144,0.650033442236892,0.33762441181597,0.0126211076558456,0.649754480528184,0.0999807643930813,0.0033155941734603,0.896703641433458,0.10062304930995,0.00408039257911951,0.895296558110931
"TCCCGATCAGTTAACC_NS_17","P3017","train","IV","IV","Advanced",1,"IV",2,"Epithelial cells","Epithelial cells","Malignant cells","mBrain","NS_17","mBrain",0.0293015667104879,3.3644856494174e-05,0.970664788433018,0.000103138537524664,3.9049552475805e-06,0.999892956507228,8.71064726786284e-05,4.13484714939396e-06,0.999908758680172,2.20820273237339e-05,8.24792519230685e-07,0.999977093180157,2.11457452790835e-05,8.80222585618918e-07,0.999977974032135
"TGTTCCGCAGCGTAAG_NS_02","P3002","train","IV","IV","Advanced",1,"IV",2,"B lymphocytes","B lymphocytes","Follicular B cells","mBrain","NS_02","mBrain",0.652672826378226,0.0872320327670611,0.260095140854713,0.888182583830607,0.0131051441437837,0.0987122720256092,0.88729805273475,0.0131188372909089,0.0995831099743409,0.65185417891718,0.00966322839130911,0.338482592691511,0.646733066176726,0.0095060250364114,0.343760908786862
"ATGCGATAGTAGCGGT_NS_03","P3003","train","IV","IV","Advanced",1,"IV",2,"Epithelial cells","Epithelial cells","Malignant cells","mBrain","NS_03","mBrain",0.107352626960793,0.00776221636880395,0.884885156670403,0.00117308473072147,7.34803095820191e-06,0.99881956723832,0.00131942717527118,6.91881003627814e-06,0.998673654014693,0.000250750740605888,1.56283950930895e-06,0.999747686419885,0.000313198893237283,1.78622483597174e-06,0.999685014881927
"CGTGAGCGTTGTACAC_NS_13","P3013","train","IV","IV","Advanced",1,"IV",2,"Epithelial cells","Epithelial cells","Malignant cells","mBrain","NS_13","mBrain",0.643969845598151,0.203535448034939,0.152494706366909,0.977048008211577,0.00106712803629848,0.0218848637521248,0.976928659116038,0.0018495700816294,0.0212217708023327,0.904128763341971,0.00110594461515586,0.094765292042873,0.902558103473882,0.00209619244283645,0.095345704083282
"ACTGAACAGGGTGTTG_NS_19","P3019","train","IV","IV","Advanced",1,"IV",2,"Myeloid cells","Myeloid cells","mo-Mac","mBrain","NS_19","mBrain",0.164541652547283,0.0715628671230972,0.76389548032962,0.00488893510199065,0.000244822927574913,0.994866241970434,0.00459694795591757,0.00017214128089805,0.995230910763184,0.0010575010085969,5.5020722397675e-05,0.998887478269005,0.00115115928549048,5.01483257904476e-05,0.998798692388719
"GGCTCGACATGTAGTC_NS_03","P3003","train","IV","IV","Advanced",1,"IV",2,"Epithelial cells","Epithelial cells","Malignant cells","mBrain","NS_03","mBrain",0.120040639241436,0.0133913345430621,0.866568026215502,0.00358377209364163,6.58872955999531e-05,0.996350340610758,0.00378317811084954,6.13498496287123e-05,0.996155472039522,0.000768101637323494,1.41356469504232e-05,0.999217762715726,0.000880286595895531,1.51541837743311e-05,0.99910455922033
"CACATTTTCCTAGTGA_NS_19","P3019","train","IV","IV","Advanced",1,"IV",2,"Myeloid cells","Myeloid cells","mo-Mac","mBrain","NS_19","mBrain",0.393160157957913,0.286377745649343,0.320462096392744,0.398303540097815,0.0760889068164644,0.52560755308572,0.397667127214405,0.0716669352104561,0.530665937575139,0.136740615196167,0.0264835264275714,0.836775858376261,0.133614137807986,0.0252656880189331,0.841120174173081
"GAACCTATCCTTCAAT_NS_04","P3004","train","IV","IV","Advanced",1,"IV",2,"Myeloid cells","Myeloid cells","mo-Mac","mBrain","NS_04","mBrain",0.154987791161674,0.081229496223156,0.76378271261517,0.00151369723300764,3.92558861138476e-05,0.998447046880879,0.00142799267710566,2.84022329843988e-05,0.99854360508991,0.000325765875825761,8.94755771696449e-06,0.999665286566457,0.000359672591499632,8.6459820243534e-06,0.999631681426476
"TCACAAGTCTTCGAGA_NS_03","P3003","train","IV","IV","Advanced",1,"IV",2,"Epithelial cells","Epithelial cells","Malignant cells","mBrain","NS_03","mBrain",0.0305699439348307,0.00485149820384718,0.964578557861322,2.49862206676449e-05,5.45086909163691e-06,0.999969562910241,2.50158022243161e-05,5.35213706215349e-06,0.999969632060714,5.30314192367964e-06,1.16096814938715e-06,0.999993535889927,6.08062772051171e-06,1.28993411193591e-06,0.999992629438168
"CCTAGCTTCCTCCTAG_NS_17","P3017","train","IV","IV","Advanced",1,"IV",2,"Epithelial cells","Epithelial cells","Malignant cells","mBrain","NS_17","mBrain",0.00688519161688214,4.32134104886613e-07,0.993114376249013,1.29271371827067e-06,1.10997061145509e-08,0.999998696186576,1.05129426384444e-06,1.40820725203969e-08,0.999998934623664,2.77334478707834e-07,2.36703810928222e-09,0.999999720298483,2.65576239213756e-07,2.99133806660922e-09,0.999999731432423
"CGGAGTCGTAGGGACT_NS_17","P3017","train","IV","IV","Advanced",1,"IV",2,"Epithelial cells","Epithelial cells","Malignant cells","mBrain","NS_17","mBrain",0.0193192637254928,6.35426920332207e-06,0.980674382005304,3.02164752739372e-05,3.41812101393161e-07,0.999969441712625,2.55434867014322e-05,4.10167496969159e-07,0.999974046345802,6.4843532221321e-06,7.28921268750055e-08,0.999993442754651,6.20522439491788e-06,8.68641877484224e-08,0.999993707911417
"AGAATAGCAATCGAAA_NS_17","P3017","train","IV","IV","Advanced",1,"IV",2,"Myeloid cells","Myeloid cells","Microglia/Mac","mBrain","NS_17","mBrain",0.292162801090832,0.00560757338540329,0.702229625523765,0.0397312935798264,0.00079064432737973,0.959478062092794,0.0348783467521232,0.00057663938771099,0.964545013860166,0.00884336104163921,0.000180207956424937,0.990976431001936,0.00914504818084274,0.000168945222692688,0.990686006596465
"ACGTCAAGTTCCATGA_NS_03","P3003","train","IV","IV","Advanced",1,"IV",2,"Epithelial cells","Epithelial cells","Malignant cells","mBrain","NS_03","mBrain",0.0236540407571864,0.00303119346368007,0.973314765779134,2.59000332260705e-05,1.75327792738483e-06,0.999972346688847,2.66693827984501e-05,1.7909525320339e-06,0.99997153966467,5.51616857181344e-06,3.73971526906362e-07,0.999994109859901,6.49483388440239e-06,4.3224907082621e-07,0.999993072917045
"CAGATCAGTAATCACC_NS_19","P3019","train","IV","IV","Advanced",1,"IV",2,"Myeloid cells","Myeloid cells","mo-Mac","mBrain","NS_19","mBrain",0.401076346823148,0.120678069199698,0.478245583977153,0.156703660972681,0.00718433820267448,0.836112000824644,0.15150677247372,0.00590627681064384,0.842586950715636,0.0387420077646974,0.00182658101627996,0.959431411219023,0.0396022330490409,0.00172712559464614,0.958670641356313
"CAGCAGCTCTCTAGGA_NS_06","P3006","train","IV","IV","Advanced",1,"IV",2,"Oligodendrocytes",NA,NA,"mBrain","NS_06","mBrain",0.0246427732213046,0.20068234140663,0.774674885372065,0.00163993216837627,0.0826642719591781,0.915695795872446,0.00140885284809262,0.0764441980043472,0.92214694914756,0.000379727526298199,0.0188706082444446,0.980749664229257,0.000312304065938051,0.0191329900958759,0.980554705838186
"TCGAGGCAGTGCTGCC_NS_13","P3013","train","IV","IV","Advanced",1,"IV",2,"B lymphocytes","B lymphocytes","Follicular B cells","mBrain","NS_13","mBrain",0.563582659973877,0.138736103150054,0.297681236876069,0.796912691200352,0.0157208268794611,0.187366481920187,0.802952165638131,0.0179443975436538,0.179103436818216,0.472598847678891,0.00957806894421739,0.517823083376891,0.476526262480288,0.0111824426867014,0.512291294833011
"GCTCCTAAGCGAAGGG_NS_06","P3006","train","IV","IV","Advanced",1,"IV",2,"Myeloid cells","Myeloid cells","CD163+CD14+ DCs","mBrain","NS_06","mBrain",0.133656871009614,0.177813331512234,0.688529797478151,0.00129554235500184,0.000659648138402128,0.998044809506596,0.001244533761044,0.000596571865668895,0.998158894373287,0.000279925131777896,0.000147521834075828,0.999572553034146,0.000279858265070243,0.000140218186850531,0.999579923548079
"ACTGCTCTCAATCTCT_NS_06","P3006","train","IV","IV","Advanced",1,"IV",2,"Myeloid cells","Myeloid cells","Undetermined","mBrain","NS_06","mBrain",0.143137755572485,0.0749306279721959,0.781931616455319,0.00761864913736644,0.000685427935095924,0.991695922927538,0.00739102626977745,0.000519207186004727,0.992089766544218,0.00165620210554756,0.000152985108309151,0.998190812786143,0.00180761695833531,0.000148709724563815,0.998043673317101
"GTAACTGTCAATACCG_NS_19","P3019","train","IV","IV","Advanced",1,"IV",2,"Fibroblasts","Fibroblasts","FB-like cells","mBrain","NS_19","mBrain",0.12770220694363,0.236431793420281,0.635865999636089,0.015356857372628,0.0363124963186434,0.948330646308729,0.0178958625683594,0.0396527426052788,0.942451394826362,0.00340483011970423,0.00811562785438623,0.988479542025909,0.00395208896614322,0.00905022126848382,0.986997689765373
"ATGGGAGCACATCCAA_NS_19","P3019","train","IV","IV","Advanced",1,"IV",2,"T lymphocytes","T/NK cells","CD8 low T","mBrain","NS_19","mBrain",0.0851470483503898,0.0311612680431515,0.883691683606459,0.00160318774248439,0.000253043316269132,0.998143768941246,0.00150254515970869,0.000235684774361301,0.99826177006593,0.00034313940426968,5.45971322187952e-05,0.999602263463512,0.000349389333620315,5.42955039012009e-05,0.999596315162479
"CGCCAAGTCTTCATGT_NS_13","P3013","train","IV","IV","Advanced",1,"IV",2,"MAST cells","MAST cells","MAST","mBrain","NS_13","mBrain",0.377952809297176,0.156361636612123,0.465685554090701,0.245598975170394,0.0442409809657215,0.710160043863885,0.285570349155786,0.0363029005739768,0.678126750270238,0.0681566117704175,0.012359555994212,0.91948383223537,0.0689336602144941,0.0107174689979499,0.920348870787556
"TAGAGCTAGCTGATAA_NS_16","P3016","train","IIIA","III","Advanced",1,"II_III",1,"B lymphocytes","B lymphocytes","MALT B cells","mBrain","NS_16","mBrain",0.226841226213729,0.308996762962576,0.464162010823695,0.0459715001379308,0.259533406315469,0.694495093546601,0.0435168282499108,0.260681105880271,0.695802065869819,0.02350216100323,0.619513724293788,0.356984114702981,0.0236630432983441,0.615895592357984,0.360441364343672
"GTACTCCTCTTTACGT_NS_16","P3016","train","IIIA","III","Advanced",1,"II_III",1,"T lymphocytes","T/NK cells","CD8+/CD4+ Mixed Th","mBrain","NS_16","mBrain",0.345110537173614,0.260108075063097,0.394781387763288,0.242152245798048,0.270102954932877,0.487744799269075,0.235855164774105,0.265494764028191,0.498650071197704,0.121723067068503,0.632471515041406,0.245805417890091,0.126741689250507,0.612086539504839,0.261171771244653
"TACCTTATCTACCTGC_NS_13","P3013","train","IV","IV","Advanced",1,"IV",2,"MAST cells","MAST cells","MAST","mBrain","NS_13","mBrain",0.368066938895946,0.122524134250171,0.509408926853883,0.284554682974723,0.0192913162990184,0.696154000726258,0.320055689698002,0.0150651394262102,0.664879170875788,0.080115184051814,0.00546168291029645,0.91442313303789,0.081311922135891,0.0046920430182096,0.913996034845899
"TCTTTCCTCCCTAACC_NS_17","P3017","train","IV","IV","Advanced",1,"IV",2,"Myeloid cells","Myeloid cells","Microglia/Mac","mBrain","NS_17","mBrain",0.275331806562361,0.0116661729503927,0.713002020487246,0.00878507298199784,0.000153809461220375,0.991061117556782,0.00779292624056497,0.000114911503319361,0.992092162256116,0.00190149528924096,3.48418539024779e-05,0.998063662856857,0.00199076538693477,3.29381373208425e-05,0.997976296475744
"ACACTGAAGAATCTCC_NS_17","P3017","train","IV","IV","Advanced",1,"IV",2,"Epithelial cells","Epithelial cells","Malignant cells","mBrain","NS_17","mBrain",0.00341251898896751,1.20725214195953e-07,0.996587360285818,1.13142179161302e-07,6.76456846865489e-09,0.999999880093252,8.31124290050153e-08,8.69095984908683e-09,0.999999908196611,2.41576882359776e-08,1.43418429740762e-09,0.999999974408127,2.16030737356624e-08,1.74343037985301e-09,0.999999976653496
"CCGGTAGAGGCAAAGA_NS_06","P3006","train","IV","IV","Advanced",1,"IV",2,"Myeloid cells","Myeloid cells","Undetermined","mBrain","NS_06","mBrain",0.0958913065295147,0.0512816658062891,0.852827027664196,0.00274890238686127,0.000172478868827194,0.997078618744312,0.00272423322818428,0.000137675557173378,0.997138091214642,0.000593935108499828,3.79067141015186e-05,0.999368158177399,0.000642396049773507,3.74854639425759e-05,0.999320118486284
"GACGGCTTCCACGCAG_NS_13","P3013","train","IV","IV","Advanced",1,"IV",2,"T lymphocytes",NA,NA,"mBrain","NS_13","mBrain",0.685926881433284,0.193166414083534,0.120906704483183,0.934181224232662,0.0557013146170814,0.0101174611502563,0.934070496321685,0.055825004163832,0.0101044995144835,0.899996228375214,0.0544814911379137,0.0455222804868722,0.898760702898444,0.0543547936431339,0.0468845034584216
"TTAACTCCAGCTGTGC_NS_19","P3019","train","IV","IV","Advanced",1,"IV",2,"Myeloid cells","Myeloid cells","mo-Mac","mBrain","NS_19","mBrain",0.306723385263692,0.21073474265886,0.482541872077449,0.129398311912631,0.0195727193930485,0.85102896869432,0.126761668056655,0.0183865405671548,0.85485179137619,0.0315140402194175,0.00485278201221936,0.963633177768363,0.031035131237176,0.00468115879301644,0.964283709969808
"CAGCTGGCACATTCGA_NS_04","P3004","train","IV","IV","Advanced",1,"IV",2,"Myeloid cells","Myeloid cells","mo-Mac","mBrain","NS_04","mBrain",0.0362912377735946,0.0325000230706575,0.931208739155748,5.19339926406806e-05,7.57606312637821e-06,0.999940489944233,5.11735539355638e-05,7.07035563657201e-06,0.999941756090428,1.12182116583787e-05,1.67175217624644e-06,0.999987110036165,1.14990441511046e-05,1.72994368212405e-06,0.999986771012167
"TGCGTGGAGACGCAAC_NS_04","P3004","train","IV","IV","Advanced",1,"IV",2,"Epithelial cells","Epithelial cells","Malignant cells","mBrain","NS_04","mBrain",0.0322010590941688,0.000497886917457107,0.967301053988374,0.000105594281469912,1.3932767652598e-05,0.999880472950877,9.69502685601535e-05,2.05649367036868e-05,0.999882484794736,2.25399560532918e-05,3.08272250618914e-06,0.999974377321441,2.20164591889603e-05,4.30466053274386e-06,0.999973678880278
"AACTCAGCAGTAAGCG_NS_04","P3004","train","IV","IV","Advanced",1,"IV",2,"Epithelial cells","Epithelial cells","Malignant cells","mBrain","NS_04","mBrain",0.0247209097902272,0.00137735680602517,0.973901733403748,9.73923347754427e-05,5.4343863779054e-06,0.999897173278847,9.019435079709e-05,7.16569594878524e-06,0.999902639953254,2.07932072469394e-05,1.20337817774692e-06,0.999978003414575,2.08816886069929e-05,1.56040292240707e-06,0.999977557908471
"GCAAACTGTCAGAATA_NS_19","P3019","train","IV","IV","Advanced",1,"IV",2,"Myeloid cells","Myeloid cells","mo-Mac","mBrain","NS_19","mBrain",0.0856972723829747,0.0621779905879008,0.852124737029125,0.000297431524719785,1.69971825236231e-05,0.999685571292757,0.000271448728861406,1.10519877050815e-05,0.999717499283434,6.40773857302388e-05,3.87656474945597e-06,0.99993204604952,7.13089038679835e-05,3.69381120685212e-06,0.999924997284925
"GGAACTTCAAGTACCT_NS_17","P3017","train","IV","IV","Advanced",1,"IV",2,"T lymphocytes","T/NK cells","Exhausted CD8+ T","mBrain","NS_17","mBrain",0.120483991304917,0.00183117797444245,0.877684830720641,0.00422237482044204,0.000224163744975874,0.995553461434582,0.0038333525129948,0.000220100715066544,0.995946546771939,0.000908642290752277,4.76896615436996e-05,0.999043668047704,0.00089716070097329,4.81632088395499e-05,0.999054676090187
"TTCTCAAGTCGCTTCT_NS_04","P3004","train","IV","IV","Advanced",1,"IV",2,"Epithelial cells","Epithelial cells","Malignant cells","mBrain","NS_04","mBrain",0.0564407272306208,0.00809587033376682,0.935463402435612,0.00208223172189134,0.00053291111092906,0.99738485716718,0.00192538472811323,0.000589543717091673,0.997485071554795,0.000446237071584815,0.00011460052023958,0.999439162408176,0.000439897444799086,0.000121995785790801,0.99943810676941
"TGCACCTTCAGAAATG_NS_13","P3013","train","IV","IV","Advanced",1,"IV",2,"T lymphocytes","T/NK cells","Undetermined","mBrain","NS_13","mBrain",0.47073858584604,0.0877754478474576,0.441485966306503,0.648127110505619,0.00550168053957671,0.346371208954804,0.650811673024114,0.00531253811997361,0.343875788855912,0.285428322548321,0.00244680920012518,0.712124868251553,0.287316824882981,0.00244840898302581,0.710234766133994
"CCTACCAAGCCGGTAA_NS_03","P3003","train","IV","IV","Advanced",1,"IV",2,"Epithelial cells","Epithelial cells","Malignant cells","mBrain","NS_03","mBrain",0.102998791224227,0.010380047268553,0.88662116150722,0.00135746337270179,1.70307502960157e-05,0.998625505877002,0.00149892721251339,1.62157277095663e-05,0.998484857059777,0.000290162169837988,3.63707985241162e-06,0.99970620075031,0.000352032982714636,4.11042323234556e-06,0.999643856594053
"CGAGCCACACCAGCAC_NS_03","P3003","train","IV","IV","Advanced",1,"IV",2,"Epithelial cells","Epithelial cells","Malignant cells","mBrain","NS_03","mBrain",0.0287968052645059,0.00342350043605032,0.967779694299444,3.10083652601789e-05,9.4805217575582e-07,0.999968043582564,3.37164278061059e-05,9.29555101575764e-07,0.999965354017092,6.62689987458343e-06,2.04088428781269e-07,0.999993169011697,8.14898362839869e-06,2.48129930535239e-07,0.999991602886441
"CATGCCTCAATGGTCT_NS_13","P3013","train","IV","IV","Advanced",1,"IV",2,"B lymphocytes","B lymphocytes","Follicular B cells","mBrain","NS_13","mBrain",0.461887985904777,0.197271523280002,0.340840490815221,0.791672296209439,0.0309952913595549,0.177332412431006,0.792125430431512,0.0345375703143043,0.173336999254184,0.480159580425179,0.0190608254205329,0.500779594154288,0.479560804056704,0.0214521278601912,0.498987068083105
"GGGATGACAAAGCAAT_NS_03","P3003","train","IV","IV","Advanced",1,"IV",2,"Epithelial cells","Epithelial cells","Malignant cells","mBrain","NS_03","mBrain",0.0854521927464884,0.00945671184116846,0.905091095412343,0.00203722170246289,6.4208789910674e-05,0.997898569507626,0.00214115528167687,6.31379002791515e-05,0.997795706818044,0.000437224383408258,1.36731877450886e-05,0.999549102428847,0.000491129173876196,1.47226625479138e-05,0.999494148163576
"ATAAGAGCATGTAAGA_NS_13","P3013","train","IV","IV","Advanced",1,"IV",2,"B lymphocytes","B lymphocytes","Plasma cells","mBrain","NS_13","mBrain",0.389226413069987,0.239741602959988,0.371031983970024,0.489131517997911,0.0937412516629735,0.417127230339115,0.496044244856435,0.0963895934699069,0.407566161673658,0.193251040005026,0.0373065473082625,0.769442412686712,0.199682655827618,0.0403152805615513,0.760002063610831
"CTGATAGTCGAACGGA_NS_19","P3019","train","IV","IV","Advanced",1,"IV",2,"Myeloid cells","Myeloid cells","CD1c+ DCs","mBrain","NS_19","mBrain",0.0062069482637882,0.00581764270221121,0.987975409034001,5.63478972874939e-07,1.57996275797066e-07,0.999999278524751,5.67769200442393e-07,1.70983993417109e-07,0.999999261246806,1.21553528682201e-07,3.45776414100504e-08,0.99999984386883,1.29411862170881e-07,4.06330830331968e-08,0.999999829955055
"GACGCGTCAGATAATG_NS_03","P3003","train","IV","IV","Advanced",1,"IV",2,"Epithelial cells","Epithelial cells","Malignant cells","mBrain","NS_03","mBrain",0.0442741153274335,0.00428960676055063,0.951436277912016,3.83907327314183e-05,8.0020989443383e-06,0.999953607168324,3.66133956239985e-05,7.94881530016394e-06,0.999955437789076,8.11269286708981e-06,1.70939578271343e-06,0.99999017791135,8.95466122791461e-06,1.87617980928647e-06,0.999989169158963
"TACTTACGTCTAAAGA_NS_17","P3017","train","IV","IV","Advanced",1,"IV",2,"Epithelial cells","Epithelial cells","Malignant cells","mBrain","NS_17","mBrain",0.0322349160483181,3.36514523701956e-05,0.967731432499312,0.000222567181279373,5.42167440571615e-06,0.999772011144315,0.000182444457394379,5.96665052184538e-06,0.999811588892084,4.76449039626399e-05,1.14403444635683e-06,0.999951211061591,4.43795558489319e-05,1.23379490644849e-06,0.999954386649245
"ACGGAGAGTTACAGAA_NS_03","P3003","train","IV","IV","Advanced",1,"IV",2,"Epithelial cells","Epithelial cells","Malignant cells","mBrain","NS_03","mBrain",0.0497204805827063,0.00613126576314256,0.944148253654151,0.000210008864900419,7.76479763630497e-06,0.999782226337463,0.000220422831344027,8.03134443778377e-06,0.999771545824218,4.47745185764858e-05,1.66205981822806e-06,0.999953563421605,5.23046793602827e-05,1.94754779338984e-06,0.999945747772846
"GGCGTGTCACACCGAC_NS_19","P3019","train","IV","IV","Advanced",1,"IV",2,"Myeloid cells","Myeloid cells","mo-Mac","mBrain","NS_19","mBrain",0.285874359955951,0.240971619827409,0.47315402021664,0.0796271323367327,0.0229857408686119,0.897387126794655,0.0792442109450122,0.0229418643078628,0.897813924747125,0.0186591249916461,0.00544933794835861,0.975891537059995,0.0181152742992615,0.00528438562211544,0.976600340078623
"TCGCGAGGTGTCTGAT_NS_17","P3017","train","IV","IV","Advanced",1,"IV",2,"T lymphocytes",NA,NA,"mBrain","NS_17","mBrain",0.343230677300862,0.00790770043196723,0.648861622267171,0.144050040314081,0.00295518846866326,0.852994771217255,0.136027363121294,0.00284195687505146,0.861130680003655,0.0348663934141639,0.000712850932473375,0.964420755653363,0.0345927704168134,0.000682545189900023,0.964724684393287
"CCATGTCCAGTCAGAG_NS_03","P3003","train","IV","IV","Advanced",1,"IV",2,"Myeloid cells","Myeloid cells","Monocytes","mBrain","NS_03","mBrain",0.269806687249244,0.125603596632961,0.604589716117795,0.0322141332862374,0.00459592075612916,0.963189945957633,0.0334231253402329,0.00522924444971723,0.96134763021005,0.00712798242573038,0.00101584700559224,0.991856170568677,0.00685405770381161,0.00104381334550711,0.992102128950681
"AGTCTTTTCAGATAAG_NS_04","P3004","train","IV","IV","Advanced",1,"IV",2,"Epithelial cells","Epithelial cells","Malignant cells","mBrain","NS_04","mBrain",0.0400545386426051,0.00347927829609115,0.956466183061304,0.000466266033649839,0.000185288565855584,0.999348445400495,0.000413782012823227,0.000211678099734729,0.999374539887442,9.9404740054471e-05,4.00533069931102e-05,0.999860541952952,9.57111821864888e-05,4.36095665768923e-05,0.999860679251237
"ATTGGTGAGCGGCTTC_NS_17","P3017","train","IV","IV","Advanced",1,"IV",2,"Epithelial cells","Epithelial cells","Malignant cells","mBrain","NS_17","mBrain",0.0328443628590827,4.41525136371679e-05,0.96711148462728,0.000247083174218227,8.83644938459483e-06,0.999744080376397,0.000203019532974435,9.37918466327303e-06,0.999787601282362,5.29917428367381e-05,1.85811528277569e-06,0.999945150141881,4.90665720864123e-05,1.98509392401883e-06,0.99994894833399
"CGTTCTGAGAGCTGCA_NS_02","P3002","train","IV","IV","Advanced",1,"IV",2,"Myeloid cells","Myeloid cells","mo-Mac","mBrain","NS_02","mBrain",0.14233250455442,0.105293154532443,0.752374340913138,0.00660261035302192,0.000807925626450838,0.992589464020527,0.0064607145272671,0.000736922509275557,0.992802362963457,0.00143274024479682,0.000178354082094002,0.998388905673109,0.00145102039117562,0.000176950988708026,0.998372028620116
"TCTCTAAAGGGATACC_NS_02","P3002","train","IV","IV","Advanced",1,"IV",2,"Myeloid cells","Myeloid cells","mo-Mac","mBrain","NS_02","mBrain",0.209342586638237,0.116542475714925,0.674114937646837,0.00466407553896416,0.000291662731640259,0.995044261729396,0.00426050111949012,0.000207762516901515,0.995531736363608,0.0010059708159787,6.58747004979127e-05,0.998928154483523,0.00105836008059381,5.99494764215604e-05,0.998881690442985
"CTGCTGTAGTCGCCGT_NS_03","P3003","train","IV","IV","Advanced",1,"IV",2,"Epithelial cells","Epithelial cells","Malignant cells","mBrain","NS_03","mBrain",0.119278914098446,0.00889876001163386,0.87182232588992,0.00168808586948651,1.8749998936134e-05,0.998293164131577,0.0019159669167446,1.88326334884884e-05,0.998065200449767,0.000361683749179086,4.02942108706322e-06,0.999634286829734,0.000441662813489853,4.80446616251057e-06,0.999553532720348
"ACGCCAGTCGCTTGTC_NS_16","P3016","train","IIIA","III","Advanced",1,"II_III",1,"Myeloid cells","Myeloid cells","mo-Mac","mBrain","NS_16","mBrain",0.0458404350948695,0.0699938663155742,0.884165698589556,5.43055397637517e-05,1.87138279225715e-05,0.999926980632314,5.18375509219861e-05,1.40210052951217e-05,0.999934141443783,5.45456438545377e-05,9.11561655334222e-05,0.999854298190612,6.0283838309743e-05,8.67869481117983e-05,0.999852929213578
"CCATTCGGTGTTGAGG_NS_13","P3013","train","IV","IV","Advanced",1,"IV",2,"MAST cells","MAST cells","MAST","mBrain","NS_13","mBrain",0.321413787954471,0.161617998918174,0.516968213127355,0.216340906289643,0.0223807095078882,0.761278384202469,0.244223068420242,0.0182398332111035,0.737537098368655,0.0570482493456207,0.00593247409420562,0.937019276560174,0.056683219511557,0.00529007209228449,0.938026708396158
"CAACTAGAGGGTGTGT_NS_02","P3002","train","IV","IV","Advanced",1,"IV",2,"Myeloid cells","Myeloid cells","mo-Mac","mBrain","NS_02","mBrain",0.0086427080401508,0.00696226729520227,0.984395024664647,4.35193724231679e-07,8.73118317755402e-09,0.999999556075093,3.92413171078657e-07,5.3943541498238e-09,0.999999602192475,9.35905874605977e-08,2.00368461224185e-09,0.999999904405728,1.11527560378464e-07,2.02729349002944e-09,0.999999886445146
"GGGATGACACATCTTT_NS_19","P3019","train","IV","IV","Advanced",1,"IV",2,"Myeloid cells","Myeloid cells","mo-Mac","mBrain","NS_19","mBrain",0.000302859369046271,0.000423655676507246,0.999273484954446,4.27983775885906e-11,5.88760668043278e-12,0.999999999951314,4.25826601418756e-11,5.26087000974663e-12,0.999999999952156,9.2659599165055e-12,1.42857142862669e-12,0.999999999989306,1.07359773828704e-11,1.50742756830249e-12,0.999999999987757
"TGACAACAGTGGGTTG_NS_03","P3003","train","IV","IV","Advanced",1,"IV",2,"Epithelial cells","Epithelial cells","Malignant cells","mBrain","NS_03","mBrain",0.101663584176534,0.0117538511248802,0.886582564698586,0.00135704883876958,1.03655601957407e-05,0.998632585601035,0.00153777979371615,9.35805938067687e-06,0.998452862146903,0.000290631585881997,2.21606526249347e-06,0.999707152348855,0.000362173069535335,2.47379879763689e-06,0.999635353131667
