"Cell","Patient","split","Stage","Stage_broad","Stage_group","z_obs","Stage_cat","y_cat","Cell_type","Cell_type.refined","Cell_subtype","Tissue","Sample","Sample_Origin","naive_prob_I","naive_prob_II_III","naive_prob_IV","cat_em_prob_I","cat_em_prob_II_III","cat_em_prob_IV","cat_mcem_prob_I","cat_mcem_prob_II_III","cat_mcem_prob_IV","cat_em_soft_label_I","cat_em_soft_label_II_III","cat_em_soft_label_IV","cat_mcem_soft_label_I","cat_mcem_soft_label_II_III","cat_mcem_soft_label_IV"
"CTAATGGGTGAAATCA_NS_03","P3003","train","IV","IV","Advanced",1,"IV",2,"Epithelial cells","Epithelial cells","Malignant cells","mBrain","NS_03","mBrain",0.0147688452735795,0.00216512399290911,0.983066030733511,1.80736362614365e-05,3.04296032031966e-05,0.999951496760535,1.67422898838192e-05,2.71575698319162e-05,0.999956100140284,3.85829809132732e-06,6.39933138148848e-06,0.999989742370527,4.22264916539443e-06,8.19698901013724e-06,0.999987580361824
"CTAATGGGTATAAACG_NS_13","P3013","train","IV","IV","Advanced",1,"IV",2,"MAST cells","MAST cells","MAST","mBrain","NS_13","mBrain",0.729509531953947,0.17496720363261,0.0955232644134436,0.869088511369917,0.118159893804563,0.0127515948255198,0.885750851429757,0.102423951109017,0.0118251974612261,0.830024062716223,0.113101452725821,0.056874484557956,0.834056756439305,0.108020047130892,0.0579231964298033
"CGTCACTGTCTTGTCC_NS_03","P3003","train","IV","IV","Advanced",1,"IV",2,"Epithelial cells","Epithelial cells","Malignant cells","mBrain","NS_03","mBrain",0.0635665338467698,0.00370621771528853,0.932727248437942,0.000325804201721923,0.000130976919412011,0.999543218878866,0.000322392359027254,0.00012380620576476,0.999553801435208,6.95562509695415e-05,2.77168820608914e-05,0.99990272686697,7.77804750042309e-05,3.67606081995309e-05,0.999885458916796
"CAGTCCTCATCATCCC_NS_02","P3002","train","IV","IV","Advanced",1,"IV",2,"Epithelial cells","Epithelial cells","Malignant cells","mBrain","NS_02","mBrain",0.209672535375964,0.0404598448460594,0.749867619777976,0.0557185970959239,0.0051072786329065,0.93917412427117,0.0535860024527085,0.00520765916668098,0.941206338380611,0.0125518348984057,0.00115156256330946,0.986296602538285,0.0123943907341461,0.00124039329611356,0.98636521596974
"CTCGAGGAGCCACGCT_NS_17","P3017","train","IV","IV","Advanced",1,"IV",2,"Myeloid cells","Myeloid cells","Microglia/Mac","mBrain","NS_17","mBrain",0.0929166717473582,0.00395647980925364,0.903126848443388,0.00152312598610965,1.38268224114895e-05,0.998463047191479,0.00135025441971761,1.22602327634905e-05,0.998637485347519,0.000326375431985393,3.04484305905406e-06,0.999670579724956,0.000305294108813009,2.62553933638678e-06,0.999692080351851
"TGACAACGTTCACCTC_NS_03","P3003","train","IV","IV","Advanced",1,"IV",2,"Epithelial cells","Epithelial cells",NA,"mBrain","NS_03","mBrain",0.11562192620762,0.00499860181135548,0.879379471981024,0.00142499565742411,0.000271898414546135,0.99830310592803,0.0014593106439292,0.000264084430904592,0.998276604925166,0.000304896818290053,5.71564410964826e-05,0.999637946740614,0.000355474314698404,7.96537626923467e-05,0.999564871922609
"GCGACCAAGAGCTGCA_NS_02","P3002","train","IV","IV","Advanced",1,"IV",2,"Myeloid cells","Myeloid cells","mo-Mac","mBrain","NS_02","mBrain",0.150416837646528,0.0895955787934224,0.759987583560049,0.0033181488800562,0.000167200083017328,0.996514651036926,0.002913491536444,0.000123112256444335,0.996963396207112,0.000715328808621108,3.75143664642613e-05,0.999247156824915,0.000647978248020445,3.15553966822237e-05,0.999320466355297
"AGGCCGTGTTGGTTTG_NS_16","P3016","train","IIIA","III","Advanced",1,"II_III",1,"Oligodendrocytes",NA,NA,"mBrain","NS_16","mBrain",0.0226974246253244,0.572160658439121,0.405141916935555,0.00515685520432074,0.295722839185436,0.699120305610244,0.00415894851881709,0.259211426454233,0.73662962502695,0.00245767288647952,0.663662602143941,0.33387972496958,0.00139704069575494,0.607363799331334,0.391239159972911
"AAAGTAGAGAATTCCC_NS_17","P3017","train","IV","IV","Advanced",1,"IV",2,"Myeloid cells","Myeloid cells","Microglia/Mac","mBrain","NS_17","mBrain",0.155214833287456,0.0059272720916166,0.838857894620927,0.010279437000283,6.22045412065783e-05,0.98965835845851,0.00896976563116757,5.45195369563804e-05,0.990975714831876,0.00222284686082479,1.36766184041301e-05,0.997763476520771,0.00213565340517497,1.18782743160784e-05,0.997852468320509
"ATCATGGGTTGTGGAG_NS_03","P3003","train","IV","IV","Advanced",1,"IV",2,"Epithelial cells","Epithelial cells","Malignant cells","mBrain","NS_03","mBrain",0.157560194470769,0.0172217145352687,0.825218090993962,0.00787472227898797,0.00162838134518021,0.990496896375832,0.00768842588445733,0.00144027737459123,0.990871296740951,0.00169501330489297,0.000350227409302309,0.997954759285805,0.00183212353407643,0.000399260466317266,0.997768615999606
"AGAGCGAAGGTGTGGT_NS_02","P3002","train","IV","IV","Advanced",1,"IV",2,"Myeloid cells","Myeloid cells","mo-Mac","mBrain","NS_02","mBrain",0.0537611463327159,0.0446930968540744,0.90154575681321,0.000179003532544221,2.75016536679766e-05,0.999793494813788,0.00015635658121997,2.14802562802035e-05,0.9998221631625,3.8435834433718e-05,6.15071835046725e-06,0.999955413447216,3.30651038074636e-05,5.41596363871901e-06,0.999961518932554
"GCATGATGTGAGGGTT_NS_13","P3013","train","IV","IV","Advanced",1,"IV",2,"T lymphocytes","T/NK cells","Undetermined","mBrain","NS_13","mBrain",0.327905413529775,0.275154123745589,0.396940462724635,0.281192740791491,0.107787851012001,0.611019408196508,0.284043692994776,0.108111097500029,0.607845209505194,0.0868842565954074,0.0334157901689119,0.879699953235681,0.0860125774254129,0.0340565430485227,0.879930879526064
"GACTAACGTTTGGGCC_NS_02","P3002","train","IV","IV","Advanced",1,"IV",2,"T lymphocytes","T/NK cells","CD4+ Th","mBrain","NS_02","mBrain",0.301647506678503,0.144609016939454,0.553743476382043,0.100612498464242,0.00875361247918792,0.89063388905657,0.0957111308157218,0.00762259526968756,0.896666273914591,0.0235222567237828,0.00207701099389475,0.974400732282322,0.0218912487568225,0.00187741247887422,0.976231338764303
"CGTTAGATCGCCATAA_NS_16","P3016","train","IIIA","III","Advanced",1,"II_III",1,"NK cells","T/NK cells","NK","mBrain","NS_16","mBrain",0.429965358983168,0.218847774885764,0.351186866131067,0.539933690989229,0.173940885175239,0.286125423835531,0.53353629220982,0.178633704950565,0.287830002839616,0.329804857563265,0.495342321726914,0.174852820709821,0.312946563105336,0.513012168398494,0.17404126849617
"GTAACTGGTTCTCATT_NS_16","P3016","train","IIIA","III","Advanced",1,"II_III",1,"B lymphocytes","B lymphocytes","MALT B cells","mBrain","NS_16","mBrain",0.312522912584624,0.443276615681181,0.244200471734195,0.229125514316415,0.606974356633666,0.16390012904992,0.227062562470176,0.607874706247184,0.16506273128264,0.0710176495315497,0.87811122850172,0.0508711219667303,0.0698535614262123,0.878186363400019,0.0519600751737685
"GACTACACACCGCTAG_NS_03","P3003","train","IV","IV","Advanced",1,"IV",2,"Epithelial cells","Epithelial cells","Malignant cells","mBrain","NS_03","mBrain",0.0378410870848973,0.00341834833194459,0.958740564583158,3.16550987069503e-05,6.92756513755696e-05,0.999899069249917,2.72939852442952e-05,4.9387376163837e-05,0.999923318638592,6.73733504203587e-06,1.49148671737785e-05,0.999978347797784,6.49668991241013e-06,1.68707576830845e-05,0.999976632552405
"GTCGGGTCAAAGGAAG_NS_19","P3019","train","IV","IV","Advanced",1,"IV",2,"Myeloid cells","Myeloid cells","mo-Mac","mBrain","NS_19","mBrain",0.0247024083097686,0.0171393419004271,0.958158249789804,5.15254351758291e-05,5.14144248791976e-06,0.999943333122336,4.33977442037684e-05,3.83774325826588e-06,0.999952764512538,1.10903308307566e-05,1.14136625140109e-06,0.999987768302918,9.9967583344149e-06,9.96162120330927e-07,0.999989007079545
"GGCCGATTCACGATGT_NS_19","P3019","train","IV","IV","Advanced",1,"IV",2,"Myeloid cells","Myeloid cells","mo-Mac","mBrain","NS_19","mBrain",0.0453567819370487,0.0342252104892003,0.920418007573751,0.000120484229299496,4.55078629381905e-05,0.999834007907762,9.38763004488176e-05,2.80211026913771e-05,0.99987810259686,2.58476720899369e-05,1.02157216092581e-05,0.999963936606301,2.09224592200029e-05,7.77760214308824e-06,0.999971299938637
"GATCAGTAGCATCATC_NS_02","P3002","train","IV","IV","Advanced",1,"IV",2,"Myeloid cells","Myeloid cells","mo-Mac","mBrain","NS_02","mBrain",0.0578663494672539,0.0595977882389308,0.882535862293815,0.000368071168876305,6.57814024331334e-05,0.999566147428691,0.000315535470638356,5.04394555929388e-05,0.999634025073769,7.91424662492016e-05,1.46027644874094e-05,0.999906254769263,6.89862501284156e-05,1.32191528391254e-05,0.999917794597033
"GCGCGATTCTAACTTC_NS_04","P3004","train","IV","IV","Advanced",1,"IV",2,"Epithelial cells","Epithelial cells","Malignant cells","mBrain","NS_04","mBrain",0.0484125226661977,0.00559043350676337,0.945997043827039,0.00107523128453054,0.000290836463586353,0.998633932251883,0.000999126955070028,0.000285867151163457,0.998715005893766,0.000230512868511403,6.25963416026188e-05,0.999706890789886,0.000219832540652751,6.35077347463951e-05,0.999716659724601
"GGGAGATTCTTCGGTC_NS_19","P3019","train","IV","IV","Advanced",1,"IV",2,"Myeloid cells","Myeloid cells","mo-Mac","mBrain","NS_19","mBrain",0.32974349558716,0.279464291695877,0.390792212716963,0.175517242039098,0.0550667785322625,0.76941597942864,0.172215918350366,0.0599970781997252,0.767787003449909,0.0461540870772632,0.0146269902609999,0.939218922661737,0.0430484854300714,0.0168664657228626,0.940085048847066
"TTCTTAGTCAGCCTAA_NS_02","P3002","train","IV","IV","Advanced",1,"IV",2,"T lymphocytes","T/NK cells","Treg","mBrain","NS_02","mBrain",0.222478683943241,0.221258235248132,0.556263080808627,0.0402746806347622,0.095336823238758,0.86438849612648,0.0388302775002429,0.0951040657374379,0.866065656762319,0.00966273237824037,0.0229092283264568,0.967428039295303,0.00925776582047282,0.0220184137356187,0.968723820443908
"AGTCTTTGTGAAAGAG_NS_04","P3004","train","IV","IV","Advanced",1,"IV",2,"T lymphocytes","T/NK cells","Exhausted CD8+ T","mBrain","NS_04","mBrain",0.366543225293069,0.337202238997891,0.296254535709041,0.347744280809695,0.360292808143388,0.291962911046917,0.347542023998876,0.361163208996091,0.291294767005033,0.167758281410449,0.174399550639318,0.657842167950233,0.16514285957075,0.171255826234847,0.663601314194403
"CTACATTCACTTGGAT_NS_19","P3019","train","IV","IV","Advanced",1,"IV",2,"B lymphocytes","B lymphocytes","Plasma cells","mBrain","NS_19","mBrain",0.267067352676514,0.131451153711849,0.601481493611637,0.119272434410004,0.0529029808934709,0.827824584696525,0.116497124169675,0.053664103986719,0.829838771843606,0.0295287926414639,0.0130802129326552,0.957390994425881,0.0290199918391388,0.0133270116070586,0.957652996553803
"GGATTACTCGCCCTTA_NS_17","P3017","train","IV","IV","Advanced",1,"IV",2,"Fibroblasts","Fibroblasts","Pericytes","mBrain","NS_17","mBrain",0.139922721600346,0.117383055600267,0.742694222799387,0.0023291282935676,0.000923107296753838,0.996747764409679,0.00105526206519932,0.000313755369590187,0.998630982565211,0.00048518180436493,0.000208336891453565,0.999306481304182,0.000199955125298241,7.05713819424477e-05,0.999729473492759
"ATCATCTAGGGATCTG_NS_17","P3017","train","IV","IV","Advanced",1,"IV",2,"Epithelial cells","Epithelial cells","Malignant cells","mBrain","NS_17","mBrain",0.0338733283375491,2.12381383016731e-05,0.966105433524149,0.000189033202216436,1.35486043077159e-06,0.999809611937353,0.000188930911366147,2.11174463339392e-06,0.999808957344001,4.03347926905675e-05,2.86453252007883e-07,0.999959378754057,4.29713426021282e-05,3.29962940072057e-07,0.999956698694458
"CTGCCTACACGGTAAG_NS_19","P3019","train","IV","IV","Advanced",1,"IV",2,"Epithelial cells","Epithelial cells","Malignant cells","mBrain","NS_19","mBrain",0.00677806710635141,0.0016126101621518,0.991609322731497,2.36288639102847e-06,5.84771793438605e-06,0.999991789395675,1.82988982453701e-06,4.68590294752215e-06,0.999993484207228,5.04122876437592e-07,1.28093811489547e-06,0.999998214939009,3.93901718815182e-07,1.11396494998901e-06,0.999998492133331
"TTGGCAATCGAATGCT_NS_19","P3019","train","IV","IV","Advanced",1,"IV",2,"Epithelial cells","Epithelial cells","Malignant cells","mBrain","NS_19","mBrain",0.0198569742889725,0.00289654975553539,0.977246475955492,2.14677339423731e-05,2.48127345433547e-05,0.999953719531514,1.77515635049823e-05,1.98908163515829e-05,0.999962357620144,4.58559982941532e-06,5.46242796865974e-06,0.999989951972202,3.82039625336305e-06,4.91121046976618e-06,0.999991268393277
"CAGAATCCACATGACT_NS_04","P3004","train","IV","IV","Advanced",1,"IV",2,"Myeloid cells","Myeloid cells","mo-Mac","mBrain","NS_04","mBrain",0.202174733679336,0.100935432224031,0.696889834096633,0.0108246570194916,0.000187704911059487,0.988987638069449,0.00985964152698143,0.000138103481022814,0.990002254991996,0.00234464215441707,4.24398069187689e-05,0.997612918038664,0.00215472839007047,3.5167101553643e-05,0.997810104508376
"TGAGGGATCAGCACAT_NS_02","P3002","train","IV","IV","Advanced",1,"IV",2,"Oligodendrocytes",NA,NA,"mBrain","NS_02","mBrain",0.0144785152604666,0.505332604757727,0.480188879981806,0.000776491572927683,0.296993831139703,0.70222967728737,0.000584187149002885,0.244213879824384,0.755201933026613,0.000216019515907036,0.0833705798905162,0.916413400593577,9.66059053751459e-05,0.0630678965516928,0.936835497542932
"TCCACACTCAGCCTAA_NS_19","P3019","train","IV","IV","Advanced",1,"IV",2,"Fibroblasts","Endothelial cells","Tumor ECs","mBrain","NS_19","mBrain",0.33842167637201,0.0396937138189176,0.621884609809072,0.230889237300225,0.00158073482639211,0.767530027873383,0.175474396535176,0.00119880481469387,0.82332679865013,0.0594370748697374,0.000414589252753754,0.940148335877509,0.0484127077969606,0.000249496195196533,0.951337796007843
"CACATTTTCGGCGGTT_NS_13","P3013","train","IV","IV","Advanced",1,"IV",2,"Epithelial cells","Epithelial cells","Malignant cells","mBrain","NS_13","mBrain",0.179273743366881,0.0192036728186533,0.801522583814466,0.0255260593276399,3.4808680078128e-05,0.974439131992282,0.0268234021873282,3.8511899314819e-05,0.973138085913357,0.00559353185942605,7.70385431192082e-06,0.994398764286262,0.00541445099478843,9.34496655994239e-06,0.994576204038652
"CACCTTGAGCTAACAA_NS_02","P3002","train","IV","IV","Advanced",1,"IV",2,"NK cells","T/NK cells","NK","mBrain","NS_02","mBrain",0.39364348779941,0.122023572896967,0.484332939303622,0.435143753320393,0.0138432827131462,0.551012963966461,0.433008739122292,0.0139443682632252,0.553046892614483,0.143906009142869,0.00458813567969173,0.851505855177439,0.14269857734186,0.00485696831897426,0.852444454339166
"TCCCGATCAGTTAACC_NS_17","P3017","train","IV","IV","Advanced",1,"IV",2,"Epithelial cells","Epithelial cells","Malignant cells","mBrain","NS_17","mBrain",0.0287565306699336,5.82590186002393e-05,0.971185210311466,0.000152838790813402,1.45745821312886e-06,0.999845703750973,0.000144414176277862,1.93667321537258e-06,0.999853649150507,3.26052970098268e-05,3.10627471450154e-07,0.999967084075519,3.25918015309678e-05,3.4131391411915e-07,0.999967066884555
"TGTTCCGCAGCGTAAG_NS_02","P3002","train","IV","IV","Advanced",1,"IV",2,"B lymphocytes","B lymphocytes","Follicular B cells","mBrain","NS_02","mBrain",0.653139193333196,0.0861057404248678,0.260755066241936,0.878526200134777,0.00912653666378324,0.11234726320144,0.879013733978449,0.00919694043776501,0.111789325583786,0.621919352065598,0.00650664553831079,0.371574002396092,0.620138438638747,0.00637143956358455,0.373490121797668
"ATGCGATAGTAGCGGT_NS_03","P3003","train","IV","IV","Advanced",1,"IV",2,"Epithelial cells","Epithelial cells","Malignant cells","mBrain","NS_03","mBrain",0.109263608652878,0.00568316980941877,0.885053221537703,0.00142225249327128,0.000407768278123584,0.998169979228605,0.00139466192460417,0.000362802997834022,0.998242535077562,0.000303357198370675,8.54215239725099e-05,0.999611221277657,0.000356701843480523,0.000114785981497826,0.999528512175022
"CGTGAGCGTTGTACAC_NS_13","P3013","train","IV","IV","Advanced",1,"IV",2,"Epithelial cells","Epithelial cells","Malignant cells","mBrain","NS_13","mBrain",0.654216074553271,0.198064446082106,0.147719479364624,0.981952348831199,0.000107228063859709,0.0179404231049412,0.9815317994847,9.0895270360149e-05,0.0183773052449394,0.921300860184891,0.00010227556022576,0.0785968642548829,0.912769855649391,0.000107234367803028,0.0871229099828064
"ACTGAACAGGGTGTTG_NS_19","P3019","train","IV","IV","Advanced",1,"IV",2,"Myeloid cells","Myeloid cells","mo-Mac","mBrain","NS_19","mBrain",0.162374318439164,0.076831164354299,0.760794517206537,0.00985892108381084,0.000394397865772977,0.989746681050416,0.00898091642891363,0.000309694269213147,0.990709389301873,0.00213652510924169,8.78051330999527e-05,0.997775669757658,0.0020299697633978,7.71357298878077e-05,0.997892894506714
"GGCTCGACATGTAGTC_NS_03","P3003","train","IV","IV","Advanced",1,"IV",2,"Epithelial cells","Epithelial cells","Malignant cells","mBrain","NS_03","mBrain",0.119677411377873,0.0109242298378715,0.869398358784256,0.00359990388662598,0.000907840899682916,0.995492255213691,0.00350507858637252,0.000835678952602749,0.995659242461025,0.000771254348889084,0.00019263354280332,0.999036112108308,0.000847109560733015,0.000234440301376744,0.99891845013789
"CACATTTTCCTAGTGA_NS_19","P3019","train","IV","IV","Advanced",1,"IV",2,"Myeloid cells","Myeloid cells","mo-Mac","mBrain","NS_19","mBrain",0.385792627934303,0.28627685266901,0.327930519396687,0.294862243880744,0.0694296579092706,0.635708098209985,0.289420194688892,0.0713953289192752,0.639184476391833,0.0889582459851211,0.0212066247125171,0.889835129302362,0.0844482258063613,0.0234386666586548,0.892113107534984
"GAACCTATCCTTCAAT_NS_04","P3004","train","IV","IV","Advanced",1,"IV",2,"Myeloid cells","Myeloid cells","mo-Mac","mBrain","NS_04","mBrain",0.155396089967797,0.0785816138362173,0.766022296195986,0.00410026158727745,8.74872820966118e-05,0.995812251130626,0.00370288176465324,6.38166563871128e-05,0.99623330157896,0.000884030031344128,1.95895156797864e-05,0.999096380452976,0.000831840583469493,1.68863656839864e-05,0.999151273050847
"TCACAAGTCTTCGAGA_NS_03","P3003","train","IV","IV","Advanced",1,"IV",2,"Epithelial cells","Epithelial cells","Malignant cells","mBrain","NS_03","mBrain",0.0301127029884326,0.00371091673889247,0.966176380272675,2.94510119073137e-05,0.000151136553386107,0.999819412434707,2.65923736380093e-05,0.000122800875756559,0.999850606750605,6.27977204869588e-06,3.22548173765174e-05,0.999961465410575,6.35834289149326e-06,3.91741673796757e-05,0.999954467489729
"CCTAGCTTCCTCCTAG_NS_17","P3017","train","IV","IV","Advanced",1,"IV",2,"Epithelial cells","Epithelial cells","Malignant cells","mBrain","NS_17","mBrain",0.00682018378414104,9.66305804544244e-07,0.993178849910054,3.09752253936485e-06,2.21702902758204e-09,0.999996900260432,2.95581967465621e-06,3.47517634285055e-09,0.999997040705149,6.58680353126519e-07,4.6845276194372e-10,0.999999340851194,6.8302776292517e-07,5.49400343479405e-10,0.999999316422837
"CGGAGTCGTAGGGACT_NS_17","P3017","train","IV","IV","Advanced",1,"IV",2,"Epithelial cells","Epithelial cells","Malignant cells","mBrain","NS_17","mBrain",0.0190318276603377,1.19946719070242e-05,0.980956177667755,5.14327595167502e-05,8.61214423960951e-08,0.999948481119041,4.97322753112738e-05,1.23861557947351e-07,0.999950143863131,1.09662889560893e-05,1.82716550263461e-08,0.999989015439389,1.13373402047887e-05,2.10108525445464e-08,0.999988641648943
"AGAATAGCAATCGAAA_NS_17","P3017","train","IV","IV","Advanced",1,"IV",2,"Myeloid cells","Myeloid cells","Microglia/Mac","mBrain","NS_17","mBrain",0.285031146347829,0.00786610510140399,0.707102748550767,0.0432147589246749,0.000258512492769776,0.956526728582555,0.0386337957276962,0.000224720179969356,0.961141484092334,0.00959286374759842,5.85498356953635e-05,0.990348586416706,0.00927597469011652,4.93593326443446e-05,0.990674665977239
"ACGTCAAGTTCCATGA_NS_03","P3003","train","IV","IV","Advanced",1,"IV",2,"Epithelial cells","Epithelial cells","Malignant cells","mBrain","NS_03","mBrain",0.0236299511334665,0.00238962886714786,0.973980419999386,3.69305769354439e-05,5.63827943479256e-05,0.999906686628717,3.39839273797239e-05,4.77548301663918e-05,0.999918261242454,7.87624944354081e-06,1.19243327174415e-05,0.999980199417839,8.39043271011962e-06,1.4770490466922e-05,0.999976839076823
"CAGATCAGTAATCACC_NS_19","P3019","train","IV","IV","Advanced",1,"IV",2,"Myeloid cells","Myeloid cells","mo-Mac","mBrain","NS_19","mBrain",0.394417447448733,0.123770142735931,0.481812409815337,0.144719689527917,0.00590775618214074,0.849372554289942,0.137510754978942,0.00518827272310752,0.85730097229795,0.0353524952098709,0.00147680704421097,0.963170697745918,0.0344271476263655,0.00139428689226278,0.964178565481372
"CAGCAGCTCTCTAGGA_NS_06","P3006","train","IV","IV","Advanced",1,"IV",2,"Oligodendrocytes",NA,NA,"mBrain","NS_06","mBrain",0.0199577254803466,0.216215033695196,0.763827240824457,0.000631570307414084,0.125084388889624,0.874284040802962,0.000489483548003375,0.115347279311381,0.884163237140616,0.000149905510232697,0.0297347063780914,0.970115388111676,8.17362135624298e-05,0.02563138958898,0.974286874197458
"TCGAGGCAGTGCTGCC_NS_13","P3013","train","IV","IV","Advanced",1,"IV",2,"B lymphocytes","B lymphocytes","Follicular B cells","mBrain","NS_13","mBrain",0.570596036481063,0.133799347971754,0.295604615547184,0.799952544797082,0.00920354467429896,0.190843910528619,0.807219532843494,0.00939505259272543,0.183385414563781,0.471027585617653,0.00543960769556169,0.523532806686785,0.475630950830313,0.00575131843394181,0.518617730735745
"GCTCCTAAGCGAAGGG_NS_06","P3006","train","IV","IV","Advanced",1,"IV",2,"Myeloid cells","Myeloid cells","CD163+CD14+ DCs","mBrain","NS_06","mBrain",0.131531982377459,0.176886617204921,0.69158140041762,0.00288571406256798,0.0011439315463456,0.995970354391086,0.00282557875144014,0.00119582257750282,0.995978598671057,0.000623724920508803,0.000254446952546653,0.999121828126945,0.000576224221668282,0.00027120572626568,0.999152570052066
"ACTGCTCTCAATCTCT_NS_06","P3006","train","IV","IV","Advanced",1,"IV",2,"Myeloid cells","Myeloid cells","Undetermined","mBrain","NS_06","mBrain",0.139713183977462,0.0785916249262411,0.781695191096297,0.00786209525694996,0.000771266055197168,0.991366638687853,0.00716549096135461,0.000631878918938292,0.992202630119707,0.00170879586856779,0.000170969748390617,0.998120234383042,0.00165775507266344,0.000158720615457834,0.998183524311879
"GTAACTGTCAATACCG_NS_19","P3019","train","IV","IV","Advanced",1,"IV",2,"Fibroblasts","Fibroblasts","FB-like cells","mBrain","NS_19","mBrain",0.129522939213569,0.242018556794779,0.628458503991652,0.020303640727427,0.0665735546138836,0.913122804658689,0.0218568613808716,0.0640038553312307,0.914139283287898,0.00465510454164417,0.0154186731405408,0.979926222317815,0.00507863723886894,0.0162341933079691,0.978687169453162
"ATGGGAGCACATCCAA_NS_19","P3019","train","IV","IV","Advanced",1,"IV",2,"T lymphocytes","T/NK cells","CD8 low T","mBrain","NS_19","mBrain",0.0848677419851637,0.0325733367417192,0.882558921273117,0.00258412185977941,0.00043962927041556,0.996976248869805,0.00239095046935416,0.000410936333081213,0.997198113197565,0.00055484549802977,9.54499368938378e-05,0.999349704565076,0.000520606659234232,9.32050630107449e-05,0.999386188277755
"CGCCAAGTCTTCATGT_NS_13","P3013","train","IV","IV","Advanced",1,"IV",2,"MAST cells","MAST cells","MAST","mBrain","NS_13","mBrain",0.390667578847427,0.158289281231952,0.451043139920621,0.325236163156086,0.0859412110685146,0.588822625775399,0.346539207430432,0.0739420202449681,0.5795187723246,0.103072811215397,0.0272167994459641,0.869710389338639,0.101365471360302,0.0249354178861219,0.873699110753576
"TAGAGCTAGCTGATAA_NS_16","P3016","train","IIIA","III","Advanced",1,"II_III",1,"B lymphocytes","B lymphocytes","MALT B cells","mBrain","NS_16","mBrain",0.227167771573007,0.308317107634041,0.464515120792953,0.0514806812455091,0.288298019935879,0.660221298818612,0.0484691658969534,0.263590797451722,0.687940036651325,0.0248137524767197,0.65641180932583,0.31877443819745,0.0238220802126947,0.631266843280288,0.344911076507017
"GTACTCCTCTTTACGT_NS_16","P3016","train","IIIA","III","Advanced",1,"II_III",1,"T lymphocytes","T/NK cells","CD8+/CD4+ Mixed Th","mBrain","NS_16","mBrain",0.341884299048459,0.262104658317476,0.396011042634064,0.240507722168118,0.251979630269588,0.507512647562294,0.237673079648677,0.247318781572063,0.51500813877926,0.124546619648803,0.612371459604479,0.263081920746718,0.12536591258925,0.599732100781431,0.274901986629319
"TACCTTATCTACCTGC_NS_13","P3013","train","IV","IV","Advanced",1,"IV",2,"MAST cells","MAST cells","MAST","mBrain","NS_13","mBrain",0.381035550993359,0.123611164220793,0.495353284785848,0.3585284216438,0.0371646161782465,0.604306962177954,0.366701390142057,0.0301600633945738,0.603138546463369,0.111608216440691,0.0115579651985558,0.876833818360753,0.110018804564484,0.00995214984185469,0.880029045593661
"TCTTTCCTCCCTAACC_NS_17","P3017","train","IV","IV","Advanced",1,"IV",2,"Myeloid cells","Myeloid cells","Microglia/Mac","mBrain","NS_17","mBrain",0.273670025515797,0.0149091626066801,0.711420811877523,0.0228720562619163,0.000100113367469361,0.977027830370614,0.0213920273434525,8.71613266436713e-05,0.978520811329904,0.00498820854259638,2.25794865494702e-05,0.994989211970854,0.00482591570120949,1.94361545578978e-05,0.995154648144233
"ACACTGAAGAATCTCC_NS_17","P3017","train","IV","IV","Advanced",1,"IV",2,"Epithelial cells","Epithelial cells","Malignant cells","mBrain","NS_17","mBrain",0.00330307128061018,2.94042830341965e-07,0.996696634676559,2.44628366281712e-07,7.32314607887709e-10,0.999999754639319,2.18249058803026e-07,1.10884095921004e-09,0.9999997806421,5.1991155443274e-08,1.56580032846922e-10,0.999999947852265,4.97821096562713e-08,1.71441798763686e-10,0.999999950046449
"CCGGTAGAGGCAAAGA_NS_06","P3006","train","IV","IV","Advanced",1,"IV",2,"Myeloid cells","Myeloid cells","Undetermined","mBrain","NS_06","mBrain",0.0949724063833436,0.0534371519777145,0.851590441638942,0.00391708271480854,0.000334679011321249,0.99574823827387,0.00363762353118671,0.000299874789180486,0.996062501679633,0.000846343353794654,7.32888932318524e-05,0.999080367752973,0.000811375382435684,7.24422186109039e-05,0.999116182398953
"GACGGCTTCCACGCAG_NS_13","P3013","train","IV","IV","Advanced",1,"IV",2,"T lymphocytes",NA,NA,"mBrain","NS_13","mBrain",0.680909367161781,0.197771560620655,0.121319072217564,0.949740618541839,0.0343460189280218,0.015913362530139,0.951760606431345,0.032990420252773,0.0152489733158819,0.897194327262192,0.0326236729962168,0.0701819997415912,0.897661403945341,0.0319162790502989,0.0704223170043602
"TTAACTCCAGCTGTGC_NS_19","P3019","train","IV","IV","Advanced",1,"IV",2,"Myeloid cells","Myeloid cells","mo-Mac","mBrain","NS_19","mBrain",0.301878659743017,0.210570309883042,0.487551030373941,0.117709528509091,0.0199237446263072,0.862366726864602,0.113202526696043,0.0191169754824354,0.867680497821522,0.0283985818567944,0.00488137979766268,0.966720038345543,0.0265727418344345,0.00502475767106359,0.968402500494502
"CAGCTGGCACATTCGA_NS_04","P3004","train","IV","IV","Advanced",1,"IV",2,"Myeloid cells","Myeloid cells","mo-Mac","mBrain","NS_04","mBrain",0.0355988723616836,0.031933069978375,0.932468057659941,8.95389584184907e-05,1.96298378308139e-05,0.999890831203751,8.41611918882956e-05,2.06147997515835e-05,0.99989522400836,1.93418937681456e-05,4.32277304803633e-06,0.999976335333184,1.78325586306028e-05,5.03491577387346e-06,0.999977132525596
"TGCGTGGAGACGCAAC_NS_04","P3004","train","IV","IV","Advanced",1,"IV",2,"Epithelial cells","Epithelial cells","Malignant cells","mBrain","NS_04","mBrain",0.0318862296490171,0.000643159821810553,0.967470610529172,0.000134657115683119,6.95880280993835e-06,0.999858384081507,0.000130976686479546,7.87563606880918e-06,0.999861147677452,2.88302407344324e-05,1.49848710752337e-06,0.999969671272158,2.83109581712678e-05,1.7203825028307e-06,0.999969968659326
"AACTCAGCAGTAAGCG_NS_04","P3004","train","IV","IV","Advanced",1,"IV",2,"Epithelial cells","Epithelial cells","Malignant cells","mBrain","NS_04","mBrain",0.0247481896682877,0.00158131702275836,0.973670493308954,0.000182677947995022,6.99162751233602e-06,0.999810330424493,0.000170652317284948,6.78101357791646e-06,0.999822566669137,3.90965040483029e-05,1.50584863333103e-06,0.999959397647318,3.76848593635752e-05,1.56925294249865e-06,0.999960745887694
"GCAAACTGTCAGAATA_NS_19","P3019","train","IV","IV","Advanced",1,"IV",2,"Myeloid cells","Myeloid cells","mo-Mac","mBrain","NS_19","mBrain",0.0846513138518447,0.0649204923433602,0.850428193804795,0.00078592443871697,4.02892303255408e-05,0.999173786330958,0.000656721059850966,2.7020866447154e-05,0.999316258073702,0.000169180728698458,9.03181057647152e-06,0.999821787460725,0.00014953160141384,7.30008014758511e-06,0.999843168318439
"GGAACTTCAAGTACCT_NS_17","P3017","train","IV","IV","Advanced",1,"IV",2,"T lymphocytes","T/NK cells","Exhausted CD8+ T","mBrain","NS_17","mBrain",0.119388890460094,0.00252969869954795,0.878081410840358,0.00581239877711724,0.000121997606631188,0.994065603616252,0.00569323985036205,0.000146374137645779,0.994160386011992,0.00124809329709638,2.62055729834906e-05,0.99872570112992,0.00126287134909395,2.74555444855837e-05,0.998709673106421
"TTCTCAAGTCGCTTCT_NS_04","P3004","train","IV","IV","Advanced",1,"IV",2,"Epithelial cells","Epithelial cells","Malignant cells","mBrain","NS_04","mBrain",0.0547159961461493,0.00867104763188438,0.936612956221966,0.00172041773661965,0.00063286092003951,0.997646721343341,0.00157076870300861,0.000591046507110069,0.997838184789881,0.000369579599489638,0.000135998065808824,0.999494422334702,0.000360205108648436,0.000135023525790252,0.999504771365561
"TGCACCTTCAGAAATG_NS_13","P3013","train","IV","IV","Advanced",1,"IV",2,"T lymphocytes","T/NK cells","Undetermined","mBrain","NS_13","mBrain",0.471347805301992,0.0886739952345332,0.439978199463475,0.632175458141315,0.00485002321206897,0.362974518646616,0.635705341888215,0.00478242734255457,0.35951223076923,0.271269427358411,0.00208769890034329,0.726642873741246,0.272251001060533,0.00213374422508335,0.725615254714384
"CCTACCAAGCCGGTAA_NS_03","P3003","train","IV","IV","Advanced",1,"IV",2,"Epithelial cells","Epithelial cells","Malignant cells","mBrain","NS_03","mBrain",0.103803051707093,0.00793788371226775,0.888259064580639,0.00149751605510976,0.000498961426915937,0.998003522517974,0.00147080890701584,0.000445451185269338,0.998083739907715,0.000319771824416148,0.00010513958653423,0.99957508858905,0.000362355195093148,0.000135220911231629,0.999502423893675
"CGAGCCACACCAGCAC_NS_03","P3003","train","IV","IV","Advanced",1,"IV",2,"Epithelial cells","Epithelial cells","Malignant cells","mBrain","NS_03","mBrain",0.028643429660653,0.00255402745483901,0.968802542884508,3.91653245275796e-05,4.10019715235035e-05,0.999919832703949,3.79223186107648e-05,3.81777362578839e-05,0.999923899945131,8.3620276429279e-06,8.65652204842684e-06,0.999982981450309,9.43146713036954e-06,1.2046233849674e-05,0.99997852229902
"CATGCCTCAATGGTCT_NS_13","P3013","train","IV","IV","Advanced",1,"IV",2,"B lymphocytes","B lymphocytes","Follicular B cells","mBrain","NS_13","mBrain",0.465527583848317,0.192709686559047,0.341762729592636,0.768556710871219,0.0205408390796991,0.210902450049082,0.766329824807033,0.0211160539960531,0.212554121196914,0.433889997541548,0.0116105236014827,0.55449947885697,0.429293708306923,0.0115980570984171,0.55910823459466
"GGGATGACAAAGCAAT_NS_03","P3003","train","IV","IV","Advanced",1,"IV",2,"Epithelial cells","Epithelial cells","Malignant cells","mBrain","NS_03","mBrain",0.0861005994386068,0.00879103166891449,0.905108368892479,0.00238104877350198,0.000438013747475725,0.997180937479022,0.00235089077912658,0.000446995882496212,0.997202113338377,0.000510794408667651,9.29629651181505e-05,0.999396242626214,0.000555843300352992,0.000112422697421324,0.999331734002226
"ATAAGAGCATGTAAGA_NS_13","P3013","train","IV","IV","Advanced",1,"IV",2,"B lymphocytes","B lymphocytes","Plasma cells","mBrain","NS_13","mBrain",0.393871787882983,0.240407306767938,0.365720905349079,0.511448561608391,0.106242587683257,0.382308850708351,0.509589409790156,0.103178263716971,0.387232326492873,0.212865447961514,0.0442069173475778,0.742927634690908,0.210271345393775,0.0439405109451787,0.745788143661047
"CTGATAGTCGAACGGA_NS_19","P3019","train","IV","IV","Advanced",1,"IV",2,"Myeloid cells","Myeloid cells","CD1c+ DCs","mBrain","NS_19","mBrain",0.00625171165856584,0.00584182994249099,0.987906458398943,1.90982425781811e-06,7.6365221554394e-07,0.999997326523527,1.78940123355587e-06,8.77239876825136e-07,0.99999733335889,4.11342681336432e-07,1.66221567563885e-07,0.999999422435751,3.74381323388524e-07,1.98421407466021e-07,0.999999427197269
"GACGCGTCAGATAATG_NS_03","P3003","train","IV","IV","Advanced",1,"IV",2,"Epithelial cells","Epithelial cells","Malignant cells","mBrain","NS_03","mBrain",0.0436280904890367,0.00340268608339724,0.952969223427566,4.7470239185069e-05,0.000131403415939991,0.999821126344875,4.20249529541186e-05,0.000101107117438493,0.999856867929607,1.01090806605887e-05,2.8313047976906e-05,0.999961577871363,9.84415925378306e-06,3.23982595039049e-05,0.999957757581242
"TACTTACGTCTAAAGA_NS_17","P3017","train","IV","IV","Advanced",1,"IV",2,"Epithelial cells","Epithelial cells","Malignant cells","mBrain","NS_17","mBrain",0.0316627779264933,6.15260806681189e-05,0.968275695992839,0.000357085967581679,1.10408128827216e-06,0.99964180995113,0.000330784446710104,1.4222976098751e-06,0.99966779325568,7.61361757204236e-05,2.35366406401066e-07,0.999923628457873,7.44055683658122e-05,2.40686914248115e-07,0.99992535374472
"ACGGAGAGTTACAGAA_NS_03","P3003","train","IV","IV","Advanced",1,"IV",2,"Epithelial cells","Epithelial cells","Malignant cells","mBrain","NS_03","mBrain",0.0501380556903166,0.00497572452017798,0.944886219789505,0.00028657663138943,0.000190149189946129,0.999523274178664,0.000267623929562066,0.000164949929726678,0.999567426140711,6.11285784596561e-05,4.01960378221163e-05,0.999898675383718,6.48888519314997e-05,4.87810856170265e-05,0.999886330062451
"GGCGTGTCACACCGAC_NS_19","P3019","train","IV","IV","Advanced",1,"IV",2,"Myeloid cells","Myeloid cells","mo-Mac","mBrain","NS_19","mBrain",0.281607506937271,0.237619178455178,0.480773314607551,0.0663850902985152,0.0285641190106553,0.90505079069083,0.0651941880524677,0.0310717607886533,0.903734051158879,0.0154498706632852,0.00671925998687549,0.977830869349839,0.0145168443959086,0.00782946367911367,0.977653691924978
"TCGCGAGGTGTCTGAT_NS_17","P3017","train","IV","IV","Advanced",1,"IV",2,"T lymphocytes",NA,NA,"mBrain","NS_17","mBrain",0.340977941164794,0.00982239064335051,0.649199668191856,0.154306872998055,0.00140979173756929,0.844283335264376,0.155773268329686,0.00152879620069368,0.842697935469621,0.037585907968704,0.000344004962160884,0.962070087069135,0.0389104170860398,0.000351109458371085,0.960738473455589
"CCATGTCCAGTCAGAG_NS_03","P3003","train","IV","IV","Advanced",1,"IV",2,"Myeloid cells","Myeloid cells","Monocytes","mBrain","NS_03","mBrain",0.268713855699612,0.121225237277268,0.61006090702312,0.0366475657152385,0.0105629555643442,0.952789478720417,0.0389042769878663,0.0141032037736913,0.946992519238442,0.00817520165282248,0.0023637777919089,0.989461020555269,0.00793381684773075,0.00331173313459606,0.988754450017673
"AGTCTTTTCAGATAAG_NS_04","P3004","train","IV","IV","Advanced",1,"IV",2,"Epithelial cells","Epithelial cells","Malignant cells","mBrain","NS_04","mBrain",0.0390632632944496,0.00400069488107445,0.956936041824476,0.000533232049755599,0.00015214380847296,0.999314624141772,0.000485590493702969,0.000142995563869591,0.999371413942427,0.000114196631647681,3.28344459743776e-05,0.999852968922378,0.000107502330505115,3.21762329717304e-05,0.999860321436523
"ATTGGTGAGCGGCTTC_NS_17","P3017","train","IV","IV","Advanced",1,"IV",2,"Epithelial cells","Epithelial cells","Malignant cells","mBrain","NS_17","mBrain",0.0319401494684371,7.96877590563377e-05,0.967980162772507,0.00033567639228344,2.52168100435752e-06,0.999661801926712,0.000307904559827642,3.52239083499551e-06,0.999688573049337,7.15737047551548e-05,5.35664171900336e-07,0.999927890631073,6.94256360538925e-05,5.7105542816815e-07,0.999930003308518
"CGTTCTGAGAGCTGCA_NS_02","P3002","train","IV","IV","Advanced",1,"IV",2,"Myeloid cells","Myeloid cells","mo-Mac","mBrain","NS_02","mBrain",0.138375730834034,0.103285244264038,0.758339024901928,0.00593871404017406,0.00119611423482039,0.992865171725006,0.00553273886441155,0.00117367692163708,0.993293584213951,0.0012877130080572,0.000262628303418726,0.998449658688524,0.00119297329649457,0.000289751223807167,0.998517275479698
"TCTCTAAAGGGATACC_NS_02","P3002","train","IV","IV","Advanced",1,"IV",2,"Myeloid cells","Myeloid cells","mo-Mac","mBrain","NS_02","mBrain",0.206630279989726,0.115588188238227,0.677781531772048,0.00934309972600694,0.000566819607848134,0.990090080666145,0.00814175394742947,0.000416402090209737,0.991441843962361,0.00202146142513545,0.000127083186208848,0.997851455388656,0.00179688547635745,0.000108541295810001,0.998094573227832
"CTGCTGTAGTCGCCGT_NS_03","P3003","train","IV","IV","Advanced",1,"IV",2,"Epithelial cells","Epithelial cells","Malignant cells","mBrain","NS_03","mBrain",0.120730532191395,0.00692494142573279,0.872344526382872,0.0017761500123018,0.000523932506530936,0.997699917481167,0.00180550874466883,0.000513323898820343,0.997681167356511,0.000379666566142142,0.00011010860288355,0.999510224830974,0.000445889672546824,0.000152130286439426,0.999401980041014
"ACGCCAGTCGCTTGTC_NS_16","P3016","train","IIIA","III","Advanced",1,"II_III",1,"Myeloid cells","Myeloid cells","mo-Mac","mBrain","NS_16","mBrain",0.0460571874652924,0.0734490699314043,0.880493742603303,0.000209700574519799,7.34442963186669e-05,0.999716855129162,0.000188450001590263,5.99440409877942e-05,0.999751605957422,0.000210256593951802,0.000353966162136203,0.999435777243912,0.000190151246796134,0.000329949283974154,0.99947989946923
"CCATTCGGTGTTGAGG_NS_13","P3013","train","IV","IV","Advanced",1,"IV",2,"MAST cells","MAST cells","MAST","mBrain","NS_13","mBrain",0.331730232207087,0.163598998350434,0.504670769442478,0.287214048392184,0.0426922410022835,0.670093710605532,0.288989779392031,0.0347141774665862,0.676296043141383,0.083112656401153,0.0123493463484934,0.904537997250354,0.0763942804248848,0.0106863678122379,0.912919351762877
"CAACTAGAGGGTGTGT_NS_02","P3002","train","IV","IV","Advanced",1,"IV",2,"Myeloid cells","Myeloid cells","mo-Mac","mBrain","NS_02","mBrain",0.00882236422883841,0.00733095504610257,0.983846680725059,3.47720256385887e-06,8.09969080563999e-08,0.999996441800528,2.7438414675144e-06,5.02554676825902e-08,0.999997205903065,7.45999330583362e-07,1.81546421286417e-08,0.999999235846027,6.34364941863292e-07,1.40504752942824e-08,0.999999351584583
"GGGATGACACATCTTT_NS_19","P3019","train","IV","IV","Advanced",1,"IV",2,"Myeloid cells","Myeloid cells","mo-Mac","mBrain","NS_19","mBrain",0.000308396940898154,0.000426931718249099,0.999264671340853,4.34924245959264e-10,1.45613966088623e-10,0.999999999419462,3.84657027313932e-10,1.56268477095041e-10,0.999999999459074,9.38859797112255e-11,3.21962817825393e-11,0.999999999873918,8.2729707884393e-11,4.17053544618696e-11,0.999999999875565
"TGACAACAGTGGGTTG_NS_03","P3003","train","IV","IV","Advanced",1,"IV",2,"Epithelial cells","Epithelial cells","Malignant cells","mBrain","NS_03","mBrain",0.103595879102037,0.00894855568220895,0.887455565215754,0.00183241152806587,0.000461775493999048,0.997705812977935,0.00181761079084355,0.000416395470985152,0.997765993738171,0.000391299158143044,9.69517950181511e-05,0.999511749046839,0.000450750421612555,0.000126175949954333,0.999423073628433
